120
180
342	323	338	320	354	355	355	352	336	340	333	319	328	332	348	343	352	319	353	352	344	322	320	323	321	321	330	349	325	352	334	328	335	355	341	335	319	343	325	335	320	331	341	343	321	346	326	327	355	332	337	338	322	337	333	349	334	341	327	350	339	346	333	323	333	347	354	348	345	338	349	333	325	347	345	352	348	331	329	331	330	346	323	342	352	354	321	334	321	323	337	345	322	333	353	350	323	348	355	354	342	351	345	342	330	342	327	340	337	350	342	348	321	354	337	343	331	328	320	319	345	326	340	347	347	339	319	325	351	323	329	335	324	333	342	345	336	352	336	348	330	343	339	344	353	326	332	349	319	325	332	331	323	351	353	330	333	342	351	342	346	335	328	333	346	348	347	351	338	352	349	340	349	325	346	340	333	346	321	327	
320	347	340	349	331	332	355	351	330	334	348	319	349	337	331	329	333	341	343	337	333	348	347	349	330	335	347	345	329	343	350	328	346	336	323	351	350	325	338	341	342	338	354	353	334	341	327	328	334	329	330	340	352	324	352	332	349	354	320	350	354	341	344	342	338	354	338	323	348	328	339	340	321	333	332	355	336	349	353	343	335	349	320	319	334	330	339	354	322	333	343	322	319	321	348	324	345	323	322	332	321	347	352	330	319	325	355	339	352	329	342	335	333	337	342	342	355	337	353	349	343	344	336	332	320	341	320	350	322	343	347	340	348	325	338	352	328	328	329	326	324	350	350	335	349	353	338	338	325	348	345	336	328	328	352	329	323	350	331	340	334	346	340	344	319	353	339	348	351	334	332	332	332	342	328	337	337	337	329	334	
336	352	326	324	319	327	338	324	340	321	348	355	322	340	340	338	329	350	326	330	355	337	329	336	353	319	341	333	347	346	345	338	349	332	323	319	348	354	322	347	333	319	321	331	329	341	329	351	322	336	341	323	335	354	335	346	344	352	349	336	349	339	321	331	338	335	338	328	322	320	343	343	329	337	350	354	341	331	331	326	355	335	350	343	331	321	336	355	320	344	326	353	323	333	320	344	326	322	328	328	319	341	327	350	342	327	330	334	336	337	321	322	355	336	354	351	337	322	354	320	322	339	327	324	319	329	352	332	353	338	330	344	335	337	349	347	340	348	329	331	346	351	335	355	320	328	336	345	352	337	320	337	353	325	350	341	330	350	319	341	330	337	338	329	342	322	336	322	351	331	341	343	334	333	320	355	336	353	350	349	
338	327	345	325	326	331	348	337	330	340	348	340	342	348	351	324	327	327	324	340	352	320	326	345	353	342	321	339	319	342	354	345	350	355	323	335	320	340	328	328	329	345	341	351	352	331	346	351	346	350	329	327	330	319	344	327	340	342	337	344	319	342	329	345	323	345	321	323	327	353	324	328	334	330	336	322	320	351	332	349	331	324	335	325	321	333	343	350	340	341	354	348	327	336	341	332	323	330	354	337	325	320	332	348	346	321	335	340	336	323	336	342	344	347	354	345	322	354	349	352	344	332	344	327	347	350	319	343	345	355	346	331	322	351	345	345	345	329	341	338	322	325	325	329	349	338	343	349	328	350	334	343	319	323	340	355	321	352	330	344	328	330	348	322	351	331	331	348	342	347	321	339	354	352	345	346	319	320	338	348	
344	347	352	326	320	333	345	332	334	353	344	336	333	352	353	338	336	355	329	353	328	325	355	335	327	351	349	322	319	349	342	335	335	355	350	354	339	351	337	337	334	338	332	320	348	329	354	328	355	319	354	353	354	334	343	354	336	337	344	332	349	319	329	339	352	329	350	337	341	319	347	326	328	350	328	334	338	325	345	321	352	352	340	336	336	319	355	340	347	348	323	346	322	319	321	352	332	328	343	354	339	328	327	321	347	349	321	345	329	339	325	355	341	345	338	329	336	351	351	330	351	320	338	350	327	335	350	322	353	325	319	323	330	335	329	344	327	320	337	341	330	322	330	322	323	321	331	320	319	325	330	352	342	347	348	321	321	328	342	321	338	342	344	352	346	354	353	323	327	335	331	334	327	325	332	343	352	353	338	353	
344	353	336	341	331	353	336	337	348	349	347	348	323	336	351	328	335	351	343	334	326	335	339	344	327	339	330	333	328	344	327	352	322	320	333	337	342	333	350	326	328	345	326	324	323	330	326	333	332	330	352	341	336	341	335	339	323	337	344	343	347	340	333	339	333	332	325	327	320	328	346	351	350	340	345	339	342	335	332	339	352	332	339	322	322	348	326	355	352	339	351	336	328	319	320	329	343	353	348	329	341	345	331	326	347	342	326	321	353	324	319	323	322	338	326	341	339	322	330	342	338	344	350	339	355	324	345	326	328	324	320	330	338	329	319	337	339	354	348	332	339	349	322	324	349	332	324	339	342	341	344	329	336	348	348	346	320	319	354	352	343	332	326	328	347	340	351	338	332	333	345	337	329	346	350	324	328	345	352	350	
327	351	327	351	352	331	348	344	355	324	352	351	332	320	327	350	323	353	319	346	340	337	330	330	319	344	353	319	327	341	319	355	354	355	351	345	332	351	346	355	347	350	338	320	337	319	337	340	339	344	337	342	330	338	340	345	352	335	324	354	345	339	332	336	336	338	325	334	331	319	327	332	352	323	336	333	323	353	351	344	330	333	345	355	344	354	348	323	326	348	354	348	319	333	338	351	333	351	337	345	353	352	332	332	336	350	346	332	329	330	319	339	339	333	325	324	350	338	331	326	339	332	334	324	334	348	349	343	338	324	321	347	339	326	330	322	346	342	354	330	339	338	345	321	338	333	345	344	349	331	333	334	333	354	324	340	324	338	335	324	355	328	331	331	319	321	319	341	341	351	321	355	349	337	346	339	320	327	327	323	
320	355	322	335	336	344	352	333	352	355	343	335	335	342	346	321	344	326	320	348	349	346	340	331	340	319	334	329	355	355	345	330	348	342	340	347	337	347	352	333	322	333	348	346	339	342	347	321	324	350	335	354	322	331	328	352	331	350	347	323	329	338	333	328	326	320	338	351	330	345	323	345	351	343	343	326	345	336	322	355	355	329	334	351	337	343	324	354	331	336	344	339	324	337	337	345	337	324	328	336	346	352	355	349	325	328	350	337	332	329	347	321	331	350	347	335	342	333	319	341	335	339	350	348	331	350	323	323	354	338	327	345	338	322	350	324	326	355	331	355	321	345	324	319	346	353	355	327	344	350	334	350	346	327	343	330	332	350	333	336	330	351	338	336	334	326	338	329	321	332	348	350	350	320	325	354	354	335	336	338	
339	330	350	338	352	355	353	355	351	355	347	325	321	341	337	342	348	321	352	329	339	340	319	341	330	323	336	343	322	325	338	341	352	355	332	342	332	339	326	332	333	331	338	347	348	347	335	349	325	337	321	324	342	333	331	347	336	341	337	343	326	348	321	344	350	319	335	331	346	331	355	332	329	337	321	343	353	338	331	341	334	324	334	345	327	346	344	344	332	351	320	345	324	355	319	344	343	351	328	331	321	335	322	320	324	326	354	330	329	325	330	355	352	320	326	351	326	355	336	321	348	322	334	342	319	342	340	327	346	335	344	332	351	323	338	334	339	327	331	342	335	321	327	323	343	341	324	327	323	345	326	329	343	343	321	336	336	322	326	325	330	348	345	334	323	327	338	329	323	334	335	343	335	320	328	340	330	324	324	332	
331	340	320	327	323	328	336	343	339	353	341	352	354	352	350	344	332	330	346	350	332	322	353	341	337	339	352	336	321	354	319	351	337	352	354	335	353	334	330	348	333	333	334	349	344	350	353	341	329	327	350	323	328	328	343	335	352	347	337	345	353	328	352	338	347	331	323	338	354	336	322	332	337	336	321	342	332	338	330	332	349	332	337	335	328	344	334	328	353	329	330	333	338	319	350	338	324	341	329	324	346	350	342	341	352	322	338	325	333	329	346	348	339	352	326	353	330	320	345	353	325	355	346	343	330	340	339	355	354	322	355	351	342	353	331	346	348	322	348	323	325	343	330	342	324	322	326	326	323	320	354	329	325	350	345	351	355	344	341	350	322	341	331	345	348	334	346	321	342	339	337	339	319	329	336	349	346	338	335	336	
329	328	348	337	325	351	332	330	348	347	322	341	348	320	342	342	333	348	340	324	321	319	338	320	339	352	320	323	343	322	341	319	327	345	335	355	352	326	346	353	336	336	326	329	330	319	321	354	333	331	353	343	337	323	321	319	347	334	338	336	353	345	333	344	351	353	319	353	343	332	347	320	334	336	323	351	350	347	326	330	355	326	336	321	322	331	323	324	352	324	327	341	340	330	333	323	331	322	335	324	327	337	328	330	347	348	346	354	344	321	331	337	341	337	345	338	347	338	346	342	334	354	350	335	335	348	328	340	324	349	324	349	323	338	337	349	346	340	322	355	334	323	327	343	329	333	328	340	327	353	349	327	322	346	320	344	355	328	352	355	346	332	321	341	352	322	332	343	331	337	344	345	335	326	353	347	355	321	322	338	
339	333	344	333	324	354	330	336	326	340	355	320	335	322	321	343	350	333	349	325	345	323	354	321	350	324	350	327	328	331	350	350	348	325	346	330	328	352	346	342	339	350	354	325	354	322	332	350	351	334	337	324	329	328	352	351	335	353	341	351	340	322	325	344	339	339	326	323	350	352	355	323	348	328	336	325	351	334	342	345	330	330	337	355	355	347	354	349	353	327	327	355	321	319	330	329	337	351	322	348	338	321	337	319	355	334	330	350	333	353	355	340	325	332	350	326	355	345	330	347	326	334	340	327	346	324	350	333	343	342	350	349	325	331	341	353	326	340	346	340	332	319	338	352	332	324	323	325	334	352	340	351	346	344	353	348	323	340	355	324	353	355	355	341	353	346	333	323	336	332	323	338	354	330	333	350	343	338	328	322	
342	336	332	337	321	353	341	351	321	346	350	351	335	353	323	319	343	346	335	330	325	348	336	337	347	335	342	350	342	323	333	327	340	348	333	327	336	323	349	352	327	344	334	328	352	340	331	320	322	326	324	350	341	328	325	342	338	337	329	342	352	323	353	325	354	326	339	325	355	343	339	342	344	331	322	330	338	348	345	347	336	343	321	355	345	323	323	328	326	332	329	334	321	331	335	340	334	331	333	347	319	345	322	350	351	320	347	338	330	334	352	344	331	351	345	327	346	340	321	353	332	353	353	342	336	338	349	321	329	349	354	348	349	333	336	344	320	322	327	351	344	319	352	346	335	354	348	351	348	355	336	352	322	326	331	355	343	353	322	322	350	321	351	323	347	353	344	327	354	327	324	339	325	322	321	348	333	327	346	323	
348	324	341	342	350	329	338	322	349	343	320	344	352	328	351	328	353	347	321	320	322	333	338	322	347	334	326	332	351	340	348	353	327	341	344	345	346	345	352	323	343	326	355	354	334	342	344	338	335	336	322	350	355	340	340	333	345	333	339	347	345	352	338	319	349	355	332	331	333	345	343	327	339	327	334	327	335	336	337	344	340	333	339	330	352	334	341	344	324	350	326	320	349	333	340	347	326	346	338	328	342	336	326	335	329	349	352	348	345	331	354	319	350	332	343	339	339	355	324	337	321	329	320	334	353	350	345	327	320	328	345	326	321	330	321	328	355	343	352	351	325	320	326	345	334	328	342	353	320	343	352	352	355	355	351	341	338	335	344	339	345	338	340	334	331	329	319	335	327	332	346	320	338	344	349	322	346	331	340	354	
328	326	342	332	320	319	319	353	349	343	339	338	342	322	336	340	320	348	346	328	350	327	335	337	339	333	326	327	341	323	339	353	346	337	323	341	355	323	322	346	342	325	329	327	352	325	344	347	323	343	329	343	324	319	324	321	324	339	322	330	338	336	339	347	347	354	319	321	327	342	326	337	352	320	331	353	342	336	354	324	338	351	331	325	335	326	345	344	333	321	322	322	332	334	324	320	338	349	331	348	337	350	330	347	319	331	349	328	346	343	354	334	352	342	342	330	328	349	319	354	342	322	348	327	335	337	348	355	355	328	352	329	324	350	346	320	341	352	353	345	337	354	330	349	339	322	352	331	337	332	352	326	333	354	323	336	320	332	322	342	349	335	328	353	345	324	351	322	323	345	333	355	320	336	337	352	340	346	334	344	
324	332	349	347	320	321	330	355	338	352	324	330	354	332	319	343	336	331	329	331	328	344	327	332	349	340	342	334	343	330	323	346	351	352	320	349	329	339	355	332	337	331	341	328	355	322	320	330	329	345	322	337	336	336	353	332	355	336	325	323	336	323	348	335	338	320	338	339	335	332	327	319	350	341	347	324	351	350	352	323	332	319	341	319	331	343	327	347	341	341	320	350	354	328	325	344	355	324	337	351	330	329	349	350	329	323	340	322	326	325	337	344	345	337	355	334	342	319	346	328	343	324	351	326	354	337	342	324	321	330	336	333	347	333	344	320	339	352	322	343	328	334	344	332	355	319	352	323	327	353	322	351	352	351	335	352	337	345	320	349	324	353	332	341	350	336	341	339	337	325	351	319	343	325	346	320	343	348	320	337	
349	340	335	336	349	349	350	326	331	351	329	353	342	342	347	323	352	329	326	322	350	320	320	351	338	332	342	334	347	348	328	341	324	341	353	336	339	325	342	321	347	338	330	341	321	347	321	335	342	339	319	333	337	331	351	355	337	355	323	330	345	335	345	324	343	328	344	347	325	349	354	347	347	342	331	355	337	327	352	319	351	338	350	347	322	350	355	343	345	325	352	351	353	336	326	334	330	339	355	319	354	322	353	332	329	329	349	355	338	348	354	331	331	335	326	333	323	326	343	326	351	350	320	342	322	334	326	350	335	332	333	344	347	339	343	331	337	341	335	351	324	353	334	345	324	321	339	339	334	330	349	333	326	342	352	344	320	339	321	321	341	353	342	340	339	346	325	335	319	354	348	347	330	342	331	330	353	337	347	327	
333	351	328	337	333	348	323	322	328	355	350	322	330	331	351	332	340	350	346	321	328	341	326	328	329	335	321	341	323	324	343	333	322	354	321	331	327	335	325	343	354	350	353	340	334	324	345	349	347	340	345	343	338	349	355	354	320	340	321	321	339	328	322	321	339	351	342	343	327	338	346	355	331	329	324	324	341	335	347	320	326	325	336	346	340	347	325	326	342	323	346	342	328	331	348	343	330	343	339	330	333	337	325	350	355	327	329	352	354	344	354	341	320	343	350	342	335	322	354	342	330	322	347	343	319	350	335	349	337	347	341	330	333	331	334	341	341	333	351	333	336	329	335	338	344	342	344	355	333	348	350	337	331	324	340	336	322	341	353	355	353	329	345	350	345	321	323	352	349	331	322	325	332	327	351	342	335	348	338	348	
355	320	343	346	329	338	330	337	345	341	349	355	326	351	340	340	319	332	325	345	339	342	346	340	337	323	350	341	333	332	342	334	324	320	326	328	333	350	352	325	343	340	348	320	339	333	354	350	351	335	350	346	338	324	338	324	326	345	333	328	322	325	349	323	343	333	340	327	336	332	337	343	355	329	335	341	322	352	343	320	354	349	319	326	352	351	355	329	344	332	341	344	332	330	336	351	346	349	324	345	350	351	323	345	331	344	343	323	328	319	328	342	354	346	342	341	353	354	346	337	345	342	351	319	322	342	319	324	343	332	319	334	322	355	326	334	329	320	326	320	340	327	333	355	338	319	354	322	328	346	351	326	352	355	336	355	344	337	341	326	319	338	351	319	321	322	329	326	340	337	343	331	319	332	332	337	345	324	346	336	
324	325	354	334	341	340	349	327	330	352	345	324	320	334	349	326	327	329	322	339	338	332	319	324	329	353	345	338	350	319	333	348	327	352	320	354	342	319	348	353	326	323	320	349	323	351	354	338	344	323	353	322	340	329	341	335	333	338	344	354	335	341	325	334	345	345	340	348	336	333	322	340	344	343	342	348	354	330	319	321	348	354	348	333	352	327	320	332	329	354	349	347	350	346	329	321	333	339	354	322	322	343	331	344	339	323	321	329	328	338	338	330	354	340	355	337	340	321	321	333	327	322	350	320	320	349	323	333	321	342	330	337	347	320	328	322	335	326	326	333	334	332	319	330	327	353	344	339	348	320	332	328	337	346	350	348	340	346	326	341	333	332	326	329	336	341	326	345	335	320	342	338	354	322	347	345	354	349	352	345	
348	330	327	339	324	355	326	325	330	333	337	328	321	350	324	355	349	329	321	329	334	326	328	337	329	335	327	340	340	328	322	323	335	353	327	321	339	342	354	328	337	335	330	339	336	353	335	353	349	344	328	335	327	323	324	353	319	352	348	332	345	332	354	329	319	341	331	324	352	350	322	345	340	354	340	351	321	347	328	322	326	338	343	342	343	327	329	352	327	319	341	346	342	352	325	349	342	334	344	322	350	355	336	334	335	337	340	353	325	350	342	333	339	325	339	319	322	327	338	319	340	349	339	322	328	345	319	325	343	341	328	329	349	343	324	342	342	344	327	330	335	327	328	323	351	323	341	331	341	347	323	341	342	331	341	322	350	324	339	328	320	328	327	354	340	342	355	346	327	341	353	349	345	347	353	348	322	346	322	341	
353	331	320	320	353	322	336	350	325	320	322	330	328	324	327	327	353	331	338	325	322	347	328	340	327	320	339	349	325	323	329	319	343	340	340	350	330	344	345	325	333	354	338	353	348	332	328	337	348	354	342	347	336	346	334	342	327	328	320	323	340	353	333	341	354	331	319	335	335	333	346	349	334	348	341	328	333	343	320	351	334	346	353	341	335	330	349	342	345	322	319	320	335	321	332	351	322	336	334	345	320	332	333	324	345	352	352	355	325	324	344	331	334	322	354	337	347	346	354	340	337	335	335	345	321	335	332	355	349	320	322	339	342	352	351	332	326	352	329	342	332	347	350	325	347	320	337	343	323	343	328	337	349	350	321	334	329	326	322	331	330	337	329	331	326	350	343	349	333	347	342	344	324	334	355	349	322	341	319	323	
320	345	334	319	334	342	338	331	334	329	355	330	350	348	346	352	320	349	338	348	331	339	345	321	341	336	350	355	326	338	338	320	353	330	354	339	325	344	338	335	327	353	348	348	328	348	326	324	340	339	353	338	323	329	349	330	349	328	334	349	346	337	344	331	319	324	335	336	350	330	324	342	349	349	327	333	347	346	342	346	323	345	345	321	354	339	332	333	346	345	341	341	321	346	335	348	351	345	325	346	329	353	353	340	348	354	328	323	348	323	339	343	332	325	331	354	322	320	337	353	333	330	338	335	338	327	327	341	342	341	336	342	329	349	353	352	332	323	354	330	351	345	353	349	351	320	349	323	350	325	352	323	348	340	338	353	328	346	329	332	337	324	338	335	324	345	331	331	322	344	321	342	340	325	321	324	327	343	324	333	
348	335	340	322	352	334	334	333	349	336	320	327	347	324	350	346	332	353	338	335	337	339	334	338	333	355	329	342	336	349	350	349	346	323	326	325	355	330	352	324	328	325	323	355	354	342	324	341	321	319	324	333	341	323	329	339	339	327	328	332	335	331	328	345	335	322	340	328	330	326	333	350	320	325	350	350	331	351	320	344	352	345	335	351	326	323	351	333	341	339	329	331	354	334	340	348	348	326	344	341	342	334	332	325	343	323	343	348	350	329	322	329	329	319	354	351	325	355	351	350	341	323	333	355	331	340	334	329	326	319	326	354	349	342	333	334	322	345	349	354	340	319	328	352	339	354	345	350	328	333	328	347	330	329	323	339	353	349	352	330	330	324	328	345	352	352	339	338	337	329	340	332	339	326	352	350	335	321	326	347	
346	344	334	334	353	324	346	343	325	330	333	338	350	348	339	350	331	345	319	325	352	331	321	320	333	333	322	350	320	329	333	339	346	329	326	330	327	337	337	346	323	353	342	322	341	321	323	337	342	338	326	339	323	342	352	344	327	342	355	335	345	338	330	330	354	336	323	340	351	321	348	319	335	349	325	320	337	334	332	352	339	352	323	342	333	336	326	336	335	347	323	330	334	348	337	347	351	341	343	350	335	333	329	338	334	343	349	332	329	355	329	355	333	344	329	350	322	353	353	337	345	343	352	324	336	320	325	329	341	322	348	339	339	333	348	328	331	346	327	334	345	336	350	345	339	355	326	348	351	347	319	354	353	343	326	322	322	324	341	329	341	355	340	347	326	340	333	341	322	324	333	350	347	328	319	353	336	344	335	334	
354	319	342	337	337	338	338	343	349	352	347	344	347	352	354	354	349	327	325	324	334	330	343	353	338	353	348	335	345	349	355	319	347	326	335	342	347	337	319	330	319	322	350	349	328	341	327	341	330	327	354	323	341	343	319	327	339	344	345	341	344	354	348	333	319	334	351	333	328	339	343	335	324	355	338	350	324	331	322	324	349	321	354	342	343	327	320	344	333	343	349	336	343	334	330	322	342	334	337	349	321	319	353	325	345	336	325	320	333	355	348	346	331	319	324	352	327	328	327	354	343	334	319	337	355	336	338	350	335	339	324	321	322	326	322	320	347	330	333	355	323	349	352	329	352	321	341	341	343	349	329	345	352	328	332	355	331	320	335	354	353	345	344	333	321	319	324	333	353	351	320	354	320	333	350	351	338	330	349	336	
334	324	340	323	332	327	343	335	351	329	352	331	350	352	344	319	329	340	340	346	350	331	353	334	320	344	328	340	325	324	355	336	343	330	338	340	351	325	337	323	339	344	342	333	320	327	322	352	340	345	321	340	341	327	352	351	353	322	336	329	328	337	325	342	349	328	351	350	319	345	348	329	353	320	324	322	330	327	347	340	321	336	351	354	337	345	330	345	355	330	344	355	321	326	326	338	328	347	352	350	327	333	320	329	333	355	341	336	323	322	335	343	349	336	327	322	331	336	349	352	322	336	355	347	338	348	349	340	352	326	355	326	323	319	343	329	332	325	320	344	337	355	329	348	325	353	323	322	326	343	320	322	331	342	348	332	344	337	338	342	355	328	323	351	347	345	332	353	344	346	350	328	351	330	319	328	337	322	337	339	
331	339	344	329	349	341	328	346	347	341	321	325	343	339	326	325	339	346	324	345	334	332	353	330	329	347	328	347	347	347	325	338	345	338	320	325	341	327	352	355	342	336	319	324	329	346	339	351	346	336	333	325	337	320	354	321	327	334	349	354	352	343	353	325	328	322	342	350	325	330	353	337	328	340	326	355	348	349	330	355	340	325	342	321	331	331	352	343	329	331	331	330	339	325	339	322	321	346	351	329	331	338	333	346	349	322	347	329	330	348	342	330	338	325	341	321	350	352	354	329	329	349	336	349	323	324	329	328	353	330	334	321	332	354	331	345	323	348	340	326	340	350	329	328	348	319	336	346	330	326	322	338	329	332	337	348	328	345	334	353	341	335	337	346	333	333	344	346	337	354	334	353	338	355	329	333	348	321	326	346	
352	326	334	340	334	338	338	329	320	355	326	349	319	355	355	339	349	321	323	336	347	350	348	352	355	334	330	338	340	343	326	342	331	325	352	341	336	320	340	354	352	342	328	332	338	346	319	325	320	340	339	335	355	347	352	353	325	340	345	334	338	349	322	335	326	347	349	338	339	351	322	321	323	321	343	320	345	338	334	354	323	322	349	347	319	321	320	355	343	341	327	322	335	322	345	348	330	338	324	346	334	343	320	343	334	320	325	355	340	348	347	330	351	322	346	346	322	341	323	321	342	327	329	321	354	327	350	329	324	339	339	327	338	355	351	348	348	350	350	324	354	342	335	325	321	353	338	351	354	322	326	336	329	326	332	335	344	333	347	321	341	337	338	342	353	354	349	337	340	342	323	320	328	349	341	354	320	319	352	352	
339	323	352	338	325	345	320	341	324	325	331	342	338	346	348	355	323	347	341	329	321	352	322	352	326	327	319	329	353	333	323	327	332	339	334	339	340	330	327	346	333	320	326	347	335	338	328	344	326	322	320	328	346	341	342	325	350	343	350	342	348	343	340	354	332	330	331	333	343	335	336	327	322	345	321	327	327	338	323	352	353	342	349	341	320	334	332	351	345	326	337	335	328	355	339	341	352	345	339	354	346	345	353	329	336	320	343	345	333	345	319	344	324	338	350	333	355	328	354	322	327	326	340	342	341	344	330	351	336	340	337	328	340	319	348	350	328	332	341	351	347	333	329	352	352	319	319	349	355	349	343	353	329	334	350	354	349	327	353	322	333	330	323	345	347	327	324	340	350	354	323	339	324	344	340	350	336	342	338	338	
339	336	322	344	328	352	332	346	355	345	348	353	332	329	335	352	330	331	319	337	336	322	344	348	343	328	331	349	335	332	342	329	340	330	349	325	327	334	345	345	345	325	350	337	321	344	332	325	334	341	354	327	336	333	321	325	320	328	324	329	327	330	332	335	341	346	347	336	350	336	329	321	322	334	340	349	332	324	340	355	325	326	333	328	348	351	355	338	338	342	336	338	335	334	342	322	352	335	331	336	329	352	349	336	327	339	335	349	351	344	332	336	355	351	323	346	338	350	353	350	344	344	345	348	339	331	340	348	328	355	324	335	320	334	331	349	352	324	338	349	320	339	323	322	351	322	354	339	326	334	349	339	336	329	319	334	340	331	355	329	341	342	327	350	352	327	348	328	351	351	324	343	346	337	335	341	337	322	319	343	
340	347	345	338	331	346	320	325	352	327	346	327	354	340	353	338	329	331	329	335	332	354	324	335	344	331	351	328	335	323	343	341	341	319	321	349	329	338	339	330	330	351	322	319	327	349	319	352	324	354	321	324	355	350	342	354	331	332	348	339	331	319	326	324	348	332	333	352	348	329	336	337	322	335	348	349	326	348	328	335	324	328	341	326	323	327	347	337	320	344	341	341	349	322	320	350	340	333	342	319	341	352	351	328	346	321	325	344	319	339	342	326	343	321	320	326	340	326	337	327	335	353	322	342	331	333	345	347	348	323	338	336	355	348	323	338	346	334	350	351	352	324	334	319	348	353	346	338	347	344	338	332	351	326	324	325	343	355	339	326	332	332	346	345	337	332	328	349	325	330	338	349	334	348	332	352	330	340	329	340	
336	321	345	337	342	322	329	346	321	336	329	321	353	336	321	340	324	332	351	351	331	338	332	350	341	350	332	346	328	350	345	327	322	335	351	339	345	343	329	324	325	324	322	345	342	332	328	352	326	321	352	338	351	322	339	339	354	331	324	320	344	351	331	355	354	320	329	330	345	345	330	319	321	351	340	331	324	345	334	334	334	331	331	327	334	320	323	330	343	336	340	326	334	329	349	345	347	335	324	322	327	339	329	341	341	330	345	323	351	336	327	332	351	344	332	336	328	327	329	339	330	334	328	332	350	349	327	341	343	343	330	323	349	322	342	334	349	353	333	352	351	332	329	343	321	352	327	333	342	332	341	348	324	346	338	324	347	330	346	335	322	355	355	343	350	324	355	342	331	323	353	338	342	338	350	340	333	322	326	352	
338	324	335	346	338	326	335	350	320	343	338	330	327	335	336	336	354	331	348	331	337	332	321	347	326	352	341	348	338	353	321	355	355	338	339	338	330	352	340	332	330	338	347	348	324	327	321	337	334	320	355	334	344	326	322	345	339	350	332	347	322	326	339	319	346	345	340	321	321	350	345	337	332	355	332	330	346	335	327	355	340	326	343	351	329	336	320	337	322	345	341	352	350	345	339	321	338	331	337	326	326	345	341	327	332	349	332	349	335	354	349	342	329	339	328	322	351	320	349	340	327	322	333	349	335	332	339	328	330	345	350	324	349	320	336	337	326	353	331	319	334	335	337	332	321	323	341	327	339	335	333	333	332	326	332	331	334	352	325	339	323	324	345	325	341	322	323	327	339	347	346	346	340	354	338	351	355	326	319	322	
344	334	341	326	352	325	320	349	321	343	334	335	342	338	330	344	319	350	340	329	352	353	342	344	355	339	346	340	347	345	341	321	351	353	348	352	337	354	329	324	343	335	352	331	320	329	344	325	353	341	343	322	333	331	349	351	340	333	341	353	346	352	326	340	341	333	348	323	328	341	322	344	323	334	323	323	339	337	329	340	322	329	345	329	352	352	333	355	339	337	327	355	339	328	339	352	341	319	323	332	327	320	324	325	340	353	323	354	347	319	351	320	336	319	347	335	352	319	339	338	327	334	348	338	331	341	323	344	350	339	347	348	337	341	353	323	351	336	329	323	332	325	328	355	345	325	347	352	348	339	340	335	339	328	343	330	335	335	339	332	344	345	342	348	352	339	340	346	341	328	338	348	330	335	351	326	339	353	329	350	
349	340	335	331	344	323	332	326	332	347	322	337	320	325	340	332	322	334	355	333	344	325	333	337	323	342	333	321	348	339	322	320	338	328	334	333	320	330	328	348	336	348	347	324	327	350	338	353	325	330	322	327	344	323	326	319	342	319	353	319	341	352	346	345	341	351	334	335	350	347	355	327	327	354	342	339	344	319	333	350	332	351	340	345	352	347	331	347	348	343	342	348	330	352	331	355	342	340	339	340	353	335	339	319	339	350	332	331	326	350	339	334	348	346	348	326	326	343	344	342	324	337	346	355	322	322	330	339	326	328	324	346	335	331	352	328	351	348	349	320	332	347	334	336	320	325	354	337	337	338	331	352	353	328	342	336	325	341	327	346	344	347	350	322	350	349	323	349	330	327	333	342	343	352	324	332	348	323	333	330	
327	346	325	327	327	319	343	338	340	336	336	334	328	339	337	324	333	339	349	334	333	328	328	340	335	336	350	326	323	348	326	335	340	331	348	324	329	331	341	341	331	341	321	346	328	348	323	327	350	355	355	335	341	348	348	353	349	330	350	345	321	328	323	334	323	337	345	328	339	352	346	342	352	323	341	326	335	327	322	338	342	325	350	341	343	344	347	330	331	323	327	352	354	355	320	320	339	342	342	323	333	347	347	344	342	344	352	340	336	334	331	320	345	348	332	353	343	326	334	329	334	329	326	346	330	326	349	320	355	319	323	337	322	343	346	342	347	347	319	319	352	346	355	322	329	351	355	328	322	344	319	341	354	334	319	335	336	331	334	352	355	341	327	320	351	322	341	348	354	341	344	336	329	319	340	322	326	353	355	338	
333	325	353	335	349	340	339	344	336	351	349	330	343	327	338	351	341	325	348	337	326	328	346	336	344	319	353	335	319	347	324	324	332	326	322	347	347	339	322	349	350	345	320	322	336	319	355	351	331	336	337	328	330	354	332	352	334	355	353	338	320	330	338	340	344	320	342	340	349	341	327	330	344	330	347	343	353	328	332	340	326	327	351	355	349	323	340	343	321	326	329	335	319	351	350	337	328	355	340	329	321	326	329	347	339	321	334	353	353	353	325	351	334	324	332	327	345	339	352	332	340	331	338	341	342	339	321	340	328	344	347	352	351	319	320	337	347	321	345	326	328	349	328	327	342	349	325	347	322	352	320	352	342	324	349	353	351	341	319	352	328	327	324	354	333	352	348	355	319	352	350	352	319	336	346	324	329	352	350	330	
323	345	348	338	320	333	327	338	327	320	324	335	343	339	324	333	343	327	338	335	344	348	323	324	344	323	323	337	320	346	339	332	331	341	354	341	336	328	349	353	337	338	353	331	347	325	343	354	344	321	333	353	334	349	338	342	352	328	319	336	355	329	342	321	325	349	322	320	351	355	335	344	345	346	339	335	338	339	344	350	320	339	354	347	333	323	319	337	324	336	327	349	330	319	319	334	325	333	353	319	331	333	324	337	334	329	342	328	335	338	319	331	340	344	352	348	329	331	323	355	329	337	323	355	321	353	325	319	351	352	322	335	352	348	352	336	355	340	343	328	330	324	337	330	351	345	347	354	334	352	344	326	329	325	320	352	354	354	323	355	350	342	326	339	327	349	349	353	343	337	350	355	333	333	350	343	336	321	327	328	
323	324	346	319	329	327	336	350	348	343	323	320	322	349	324	341	329	322	339	320	324	321	333	328	324	351	320	325	333	324	352	321	355	346	338	319	333	326	348	328	350	342	350	352	355	322	324	342	344	333	344	333	337	341	336	332	330	332	325	325	320	324	338	349	325	351	338	338	355	323	325	346	327	342	338	322	323	319	326	335	345	351	320	335	352	348	349	333	331	323	341	340	346	327	338	336	330	329	332	337	339	351	338	342	336	351	348	346	333	332	350	350	348	345	334	336	344	349	330	350	339	347	344	340	322	335	331	323	325	319	345	344	330	330	353	337	337	325	333	353	325	339	327	320	348	323	350	349	319	334	351	326	352	336	355	326	348	340	341	353	328	347	322	326	335	340	353	324	347	331	355	323	330	351	323	322	347	350	346	351	
328	322	322	350	323	352	349	343	337	321	339	340	346	351	351	347	337	352	322	350	329	343	339	325	341	321	351	336	351	322	324	353	339	339	337	341	330	338	328	345	351	344	334	342	324	351	348	345	337	335	343	336	322	319	341	351	326	328	321	339	330	331	328	347	349	347	349	330	338	323	324	351	339	351	346	328	334	346	333	337	336	350	355	349	338	345	343	334	350	325	324	341	347	352	343	327	335	351	339	343	337	326	323	331	349	347	343	319	321	342	348	323	341	349	324	324	319	327	352	323	355	322	355	332	324	328	319	342	346	331	349	327	343	320	319	322	327	344	348	321	348	329	349	347	338	339	335	331	351	334	355	326	326	335	351	329	331	346	344	340	322	326	328	344	345	334	330	348	329	332	319	326	341	321	351	328	325	355	328	329	
348	327	346	355	349	334	338	326	339	330	340	338	351	343	331	345	347	338	346	353	321	329	344	338	343	338	319	342	323	348	333	340	339	341	335	344	351	353	321	349	332	343	351	340	348	354	331	323	354	328	327	351	340	321	334	328	344	342	341	354	319	333	334	340	326	339	347	333	324	321	325	351	351	323	331	342	329	321	335	326	342	328	343	324	323	339	332	330	325	342	355	329	320	334	352	349	340	347	328	348	337	328	328	351	337	321	354	351	335	320	345	321	327	347	331	330	335	327	343	343	340	348	339	339	334	354	332	346	343	331	331	330	345	328	350	339	343	322	354	340	330	324	334	351	332	347	322	340	339	326	321	319	329	350	337	351	337	341	331	340	331	325	355	342	332	352	347	342	331	324	355	355	330	328	324	351	325	353	333	333	
325	324	322	321	335	327	330	351	336	341	333	354	327	345	342	348	330	321	338	342	326	333	328	344	326	343	347	324	353	329	343	337	344	325	326	353	345	346	326	342	337	342	319	333	335	348	345	321	325	328	336	348	351	326	330	346	320	332	346	345	350	345	350	345	340	327	350	336	353	334	349	348	351	354	326	341	341	347	334	348	353	324	322	337	346	329	349	339	321	337	334	349	350	336	336	319	335	345	330	352	348	337	321	348	347	353	325	345	341	334	336	324	345	333	323	345	336	338	321	352	337	328	351	348	346	337	319	340	351	319	350	325	349	322	321	339	347	334	353	339	349	319	336	319	347	322	348	344	327	355	353	348	324	343	333	332	343	334	332	325	332	349	336	320	319	332	331	323	341	345	334	348	342	335	337	337	325	349	333	328	
346	325	352	345	347	339	327	321	324	350	342	333	331	324	322	319	339	320	354	350	339	355	329	337	354	349	320	324	350	326	349	340	341	334	354	320	333	353	323	339	352	353	334	335	338	354	348	336	340	330	341	353	354	352	351	329	335	326	355	344	342	345	336	326	348	329	333	321	352	354	326	338	338	331	332	341	324	344	321	333	339	335	345	339	336	335	331	330	339	332	331	328	336	350	322	336	326	320	355	331	336	355	353	332	336	355	354	343	321	334	331	355	324	341	333	341	346	325	345	347	349	339	328	355	325	327	320	340	325	320	352	340	322	334	324	351	327	349	322	348	320	355	342	333	335	343	347	351	329	354	330	319	331	328	327	354	341	346	332	355	325	327	336	345	348	334	352	354	340	334	333	336	334	336	337	348	338	354	319	329	
347	324	347	351	341	355	347	327	341	345	333	322	345	327	336	324	349	354	343	334	350	328	349	330	331	321	339	350	353	328	336	330	350	345	345	323	320	333	344	323	331	327	327	323	348	336	354	326	320	336	323	331	353	329	340	337	355	337	336	323	344	341	351	323	350	334	330	350	330	329	355	333	327	350	321	339	345	325	321	328	337	345	321	324	349	352	337	329	342	353	352	349	328	342	349	320	320	326	330	337	337	350	325	330	346	338	354	321	325	343	330	322	353	341	323	351	335	326	328	347	338	334	352	345	330	348	323	339	325	334	328	331	336	348	320	341	320	355	349	347	349	343	320	346	322	346	322	329	331	348	354	335	325	342	328	336	348	322	340	332	339	328	353	348	342	355	327	330	327	348	320	354	347	345	342	355	348	320	319	350	
321	337	350	329	321	328	347	352	343	332	347	332	355	336	322	345	325	347	322	344	355	320	330	347	325	321	342	354	329	347	338	321	322	322	348	335	352	349	328	331	335	352	322	352	323	335	322	353	322	349	324	336	332	343	331	319	335	329	331	333	320	354	329	319	324	352	354	335	328	352	322	354	342	345	332	353	320	331	338	332	334	334	326	353	351	351	350	324	350	328	335	343	327	323	324	328	323	331	348	335	340	353	321	350	329	334	326	348	329	319	331	349	330	327	350	334	320	335	327	320	344	326	342	345	350	343	347	351	337	339	322	321	322	333	332	334	347	322	333	350	346	321	352	350	329	328	336	324	353	348	341	328	336	320	349	327	349	348	349	320	340	351	336	325	324	337	335	339	343	326	343	330	354	341	352	321	319	344	348	351	
354	350	337	325	319	322	323	344	352	348	351	355	353	328	336	322	343	338	331	329	323	326	351	335	349	320	344	350	335	326	343	352	322	349	322	325	323	320	344	322	331	320	336	326	335	349	328	344	339	350	325	349	325	322	327	355	337	344	324	338	344	333	337	323	319	349	334	333	349	325	348	330	320	346	319	323	321	345	351	334	337	335	350	345	330	342	352	328	333	342	346	321	321	325	333	338	321	352	325	332	345	329	350	344	339	353	341	347	342	325	339	335	354	346	340	329	336	338	331	320	330	327	335	348	321	326	333	354	355	351	334	320	340	334	338	331	319	327	355	327	346	353	319	339	348	345	349	320	344	337	350	343	324	352	334	329	340	347	345	351	333	332	351	338	327	345	330	355	338	346	344	330	332	347	330	334	336	319	338	352	
331	353	345	322	334	329	349	354	353	344	330	331	346	338	341	320	343	319	322	327	345	328	341	355	344	325	326	331	339	319	334	342	337	354	338	341	355	332	352	333	327	334	331	326	337	343	345	332	327	328	340	327	335	349	326	336	320	324	352	353	351	323	320	343	327	336	337	341	333	344	324	349	334	350	327	336	320	338	322	343	353	320	338	349	332	320	320	348	343	345	348	355	341	350	319	347	338	348	342	335	339	334	319	335	319	334	328	330	340	340	338	344	348	337	340	334	331	342	327	328	326	338	323	324	352	349	336	326	332	338	340	354	346	332	336	334	334	347	319	322	324	348	344	351	328	346	347	331	345	348	321	333	341	329	325	351	337	331	345	340	344	324	331	336	330	340	349	342	322	339	332	320	335	349	333	350	345	323	342	323	
320	345	336	351	331	325	328	344	355	348	319	333	330	338	332	354	322	355	353	347	342	351	319	342	339	335	348	328	332	345	324	354	335	337	350	346	337	341	327	348	345	345	351	345	354	331	324	352	345	326	344	329	350	340	350	324	340	348	322	345	333	351	332	350	337	348	342	350	343	322	327	326	342	348	353	339	336	346	352	343	349	330	337	336	332	342	343	345	345	323	344	333	322	326	336	331	353	343	347	353	332	352	350	355	329	330	351	338	325	333	321	346	352	355	341	346	347	333	326	325	340	338	354	352	352	352	348	324	336	334	355	350	338	335	323	328	335	331	320	336	332	329	352	343	344	323	346	355	330	322	332	350	355	352	355	341	341	323	327	326	348	350	347	338	352	325	330	321	326	329	348	342	324	353	320	348	355	333	344	324	
329	353	319	334	345	326	329	334	321	340	330	329	354	324	330	345	336	351	329	328	337	345	328	327	339	352	343	334	323	332	325	331	340	324	339	340	344	328	350	330	336	321	342	332	329	321	338	320	326	344	338	330	328	323	350	334	328	343	340	337	346	350	339	355	347	327	326	348	322	336	329	322	349	347	328	341	335	322	319	346	335	324	337	329	351	330	329	343	348	333	329	338	326	333	343	330	326	319	323	349	354	340	349	334	325	325	339	354	324	342	349	338	334	350	329	321	353	345	344	337	353	335	351	344	332	330	327	341	348	326	339	350	333	332	339	336	355	322	332	348	328	349	342	333	342	324	334	337	327	332	323	341	319	320	350	348	332	351	340	353	348	323	346	331	354	342	344	332	333	328	342	345	332	349	347	319	323	355	319	338	
338	327	330	345	339	342	336	337	354	331	341	326	343	352	328	322	352	325	350	321	323	327	333	341	321	335	338	324	323	332	331	327	325	332	343	341	329	351	351	348	329	344	337	326	336	326	327	349	326	351	341	327	337	323	323	344	322	335	323	324	334	340	340	339	342	335	330	353	326	341	339	334	350	324	340	331	322	337	350	326	347	321	332	328	355	354	331	345	323	332	355	349	334	355	354	338	343	331	339	321	322	350	319	340	353	323	348	329	333	340	343	351	321	355	354	325	332	339	328	323	332	341	345	345	347	338	346	327	343	323	348	331	326	352	325	335	351	327	334	339	322	339	355	322	335	332	348	321	323	340	332	325	349	334	345	347	352	324	331	333	331	348	348	334	325	336	348	335	345	320	348	346	342	347	355	321	319	355	334	354	
340	328	330	323	348	354	354	338	336	354	354	340	340	332	326	352	323	333	329	325	355	347	324	334	344	335	351	320	334	323	348	339	322	325	321	335	339	350	336	322	328	346	349	320	350	330	340	341	354	335	329	333	335	319	333	348	350	324	329	355	337	345	337	327	329	319	322	329	354	336	319	319	352	336	348	342	339	344	343	321	346	355	345	319	355	347	327	337	329	353	331	327	353	319	353	328	333	320	326	347	324	328	348	327	320	330	346	332	348	333	320	340	337	326	351	350	352	343	335	348	351	348	339	342	341	351	336	335	341	327	333	334	328	329	349	349	336	352	343	332	347	344	321	341	340	327	338	320	344	335	347	355	323	338	320	349	353	337	339	351	323	354	333	342	336	329	339	325	331	347	339	352	342	323	350	328	321	354	335	339	
346	346	331	322	334	353	334	334	321	349	325	324	323	326	326	342	333	336	328	322	320	343	321	347	336	329	355	332	331	346	350	348	330	332	347	350	335	341	319	321	346	330	332	319	346	351	348	337	340	323	343	320	346	343	335	338	337	329	354	336	338	346	324	335	343	321	347	349	327	326	326	342	319	332	329	323	348	321	350	347	352	327	337	350	355	338	347	340	331	352	324	322	355	353	338	342	348	346	324	326	334	320	332	353	337	321	321	337	351	351	344	321	325	321	350	329	332	323	351	351	322	330	335	351	325	348	342	342	329	340	339	338	344	346	351	322	332	320	339	328	352	331	326	338	322	344	334	349	327	350	336	343	336	337	344	323	333	355	347	343	335	324	333	355	338	334	341	336	344	334	352	321	329	347	350	338	326	322	348	321	
327	325	333	341	327	320	344	334	343	340	354	355	329	338	329	347	348	324	342	355	347	331	336	352	325	319	343	325	332	319	337	321	339	355	339	345	326	337	323	329	322	343	333	353	320	337	352	321	353	350	354	348	322	347	342	321	320	347	335	328	332	328	332	355	329	355	337	332	341	321	331	345	346	346	320	355	334	329	343	341	323	342	319	339	343	348	328	334	320	343	338	352	330	340	347	339	336	337	323	332	333	327	350	345	321	351	346	345	344	343	330	333	352	334	349	343	338	325	321	341	339	340	333	327	340	321	344	352	324	323	349	320	330	348	345	344	325	321	355	346	344	337	348	328	335	340	327	354	336	345	350	336	324	326	340	350	323	349	355	320	353	321	338	321	348	349	349	350	332	328	322	321	332	325	348	354	331	341	327	333	
328	336	354	343	339	327	325	352	344	351	347	321	346	355	321	329	351	325	320	345	337	342	326	321	345	324	322	338	341	347	340	343	327	325	340	320	333	320	340	348	322	350	331	331	323	351	326	333	333	325	321	346	320	322	320	332	329	323	325	349	348	332	345	351	351	354	348	355	350	335	345	336	346	330	329	330	342	326	350	350	325	342	343	327	336	334	326	340	341	330	349	323	335	338	328	337	323	342	340	321	353	320	335	334	353	320	343	336	320	325	322	351	344	322	352	338	351	338	322	319	345	341	330	321	333	338	342	325	353	344	355	337	341	326	346	336	347	335	326	348	330	322	354	333	348	319	341	325	319	331	337	347	345	323	347	319	323	330	333	342	322	351	345	341	334	332	335	336	327	348	347	338	325	330	321	331	342	338	345	336	
350	352	342	347	347	335	326	325	324	331	327	320	337	342	346	332	352	350	338	334	355	346	339	330	347	337	338	353	348	331	347	348	319	322	338	336	326	350	351	329	353	323	324	323	346	327	353	332	347	337	321	340	348	331	339	355	337	324	340	320	332	329	350	353	326	342	326	355	330	340	353	338	325	342	341	319	324	321	350	347	321	342	355	352	339	322	334	347	343	333	324	335	334	344	336	326	324	333	324	347	336	346	328	331	339	332	353	343	340	331	325	332	338	331	349	349	324	339	336	348	325	338	328	323	324	353	323	353	352	344	326	353	321	319	341	350	347	340	321	333	328	323	355	325	349	342	331	338	335	344	351	337	319	337	324	327	344	355	343	322	354	349	337	324	331	352	337	342	329	326	334	325	349	347	337	324	343	336	355	354	
354	319	325	328	330	328	326	328	347	324	328	325	334	332	321	339	344	353	338	349	324	322	329	347	343	352	340	329	327	347	333	341	319	348	351	354	335	347	354	320	331	349	350	345	325	350	326	333	350	339	332	340	348	354	332	353	325	322	328	323	354	348	333	324	336	330	350	341	330	325	333	334	334	346	322	319	336	331	325	354	319	320	325	330	328	353	333	354	335	321	335	341	336	342	338	355	324	321	334	350	352	332	322	346	326	350	351	332	340	337	348	354	354	351	344	353	331	343	343	352	325	352	325	346	347	340	354	329	346	355	332	353	332	351	355	349	325	327	319	330	319	321	325	327	341	340	345	337	330	331	352	342	348	349	322	350	333	325	342	344	352	330	344	339	337	342	319	326	336	319	354	332	332	342	326	344	347	324	355	342	
352	323	336	353	349	329	334	331	352	346	348	320	333	352	334	350	329	335	335	339	351	330	319	355	348	332	336	354	343	328	354	338	337	350	329	353	347	339	344	336	351	349	351	340	354	343	322	335	341	340	333	343	329	340	333	319	354	334	342	322	321	352	334	328	320	324	335	334	349	354	320	337	347	349	342	336	342	335	319	350	328	350	326	344	354	329	332	334	352	355	332	322	322	352	333	332	320	344	336	342	342	338	344	332	331	333	321	339	352	337	350	345	320	319	332	323	348	338	343	325	326	331	337	333	325	340	335	340	322	333	320	320	319	338	355	339	333	326	351	347	332	352	321	344	335	331	345	351	335	325	343	341	342	324	326	319	342	342	336	339	330	334	339	319	321	353	349	355	347	351	319	344	349	334	320	346	347	353	347	325	
352	355	355	350	319	355	344	343	321	337	341	331	342	345	323	330	327	351	320	354	345	347	351	340	334	320	342	340	349	345	335	324	343	353	347	348	327	344	333	331	320	327	347	343	341	342	328	347	321	335	327	351	320	322	319	348	355	350	326	319	328	330	335	338	333	347	352	320	347	353	355	355	324	334	353	331	350	322	333	335	320	338	334	323	353	334	339	321	338	331	352	355	342	325	345	322	321	319	345	340	321	342	326	338	350	328	349	333	322	349	349	324	352	339	324	344	330	333	349	344	350	322	354	333	348	350	345	323	332	352	320	355	355	342	340	325	340	330	343	338	348	324	355	336	329	327	338	322	349	336	355	344	344	339	335	350	327	334	329	335	352	324	341	323	337	349	337	336	335	327	335	352	337	336	353	354	351	342	332	319	
342	350	323	348	346	336	347	321	337	353	340	327	324	347	319	339	332	322	347	329	319	340	329	350	354	341	333	328	349	332	331	346	320	340	330	350	354	323	339	343	326	354	345	322	343	340	329	334	324	346	325	344	324	338	342	331	353	341	336	355	335	352	327	354	339	338	331	353	330	344	338	349	336	326	342	335	327	327	327	350	342	331	343	331	319	321	326	329	319	330	339	350	352	353	330	352	336	324	355	332	346	330	326	321	346	347	354	322	345	351	320	330	320	329	331	344	330	322	331	345	324	346	353	337	348	333	345	332	345	334	336	330	354	343	342	354	331	348	342	346	343	349	349	330	325	324	333	323	343	335	347	333	330	331	355	355	345	349	343	345	341	322	335	336	323	323	350	342	349	348	343	339	328	355	339	345	325	339	333	326	
340	347	337	352	353	339	354	333	340	342	336	354	340	348	345	341	326	323	336	354	345	355	328	334	350	323	338	339	330	321	340	339	347	331	337	338	336	326	352	347	335	335	335	329	343	349	328	324	337	355	350	326	348	345	349	354	329	343	337	321	348	325	349	326	336	324	325	341	340	343	341	328	343	330	322	324	328	344	322	350	333	322	334	338	334	346	339	331	354	337	330	351	343	355	351	324	322	321	346	331	334	332	342	325	323	338	348	337	345	346	355	346	349	339	325	345	320	355	350	331	354	348	342	335	344	342	350	342	346	337	328	343	330	351	340	324	330	342	323	327	345	324	337	345	320	349	354	336	348	324	329	327	345	329	322	321	337	355	346	321	340	336	334	344	347	346	323	337	350	327	331	326	351	323	328	324	332	328	342	324	
345	327	348	354	344	352	339	350	326	350	322	332	352	350	329	344	329	327	321	341	347	338	321	320	338	324	327	347	343	326	352	337	346	337	348	342	340	329	345	336	332	351	331	343	343	333	327	320	330	335	330	327	349	340	334	319	336	324	331	351	347	330	331	333	335	329	344	353	336	336	345	343	351	351	337	333	329	345	319	350	320	323	329	351	349	329	339	333	344	338	355	340	322	346	352	327	323	336	352	345	352	331	336	351	349	342	334	333	338	340	349	336	342	334	334	321	350	354	349	343	320	328	336	351	355	348	327	336	338	330	321	352	335	336	343	348	327	338	350	337	338	324	323	329	325	342	329	328	319	335	346	339	355	336	330	339	345	353	341	344	347	332	355	324	335	352	339	336	332	332	348	350	350	325	336	319	341	325	355	330	
332	338	321	328	331	344	340	339	352	329	337	340	321	350	347	338	345	339	343	321	334	343	341	321	352	344	344	342	347	347	352	345	352	335	319	321	326	348	345	354	322	350	326	324	354	319	338	338	335	331	349	343	329	341	328	322	338	345	338	324	355	329	328	353	348	332	349	342	332	334	348	319	353	324	328	330	344	341	348	352	343	324	335	321	340	354	351	346	323	338	333	323	328	347	328	331	354	352	342	336	343	339	346	337	344	352	355	335	347	350	321	352	353	330	346	338	320	344	321	334	322	321	345	327	326	350	352	334	351	327	345	327	329	329	343	346	347	348	349	341	329	336	325	334	341	351	345	327	333	324	346	324	327	355	320	334	341	328	344	323	349	328	328	319	346	355	346	349	329	351	344	347	340	339	348	334	333	354	340	328	
340	333	329	340	352	321	324	341	341	349	320	348	342	340	324	327	347	331	346	348	319	327	331	349	324	351	335	325	326	335	339	326	342	328	325	337	334	323	355	341	340	353	331	355	355	343	347	328	325	333	325	350	339	348	355	324	352	345	346	332	344	346	343	353	342	331	333	339	343	325	350	331	339	347	332	337	327	337	328	334	320	346	341	340	332	335	344	339	342	354	330	331	328	326	355	320	339	345	342	338	329	337	349	336	349	323	320	329	354	328	327	355	332	343	355	339	345	322	335	344	350	329	352	322	326	352	324	338	322	340	349	324	335	336	322	328	331	343	320	344	340	332	326	330	339	338	336	346	340	354	337	324	321	328	345	344	345	346	354	354	346	343	349	326	320	333	321	337	355	346	342	336	333	353	319	332	332	321	337	350	
328	355	322	327	319	323	355	321	348	335	353	336	333	327	340	319	329	331	333	350	349	322	349	348	333	352	326	319	327	332	321	341	352	321	340	326	328	323	351	322	327	350	342	352	331	325	347	340	347	348	328	347	349	351	326	328	328	339	353	343	336	329	352	320	333	326	354	334	330	348	342	344	346	330	340	320	321	334	327	324	328	348	323	338	331	352	339	346	355	323	343	344	337	333	330	334	320	336	328	339	341	350	325	324	353	344	326	350	332	343	329	340	326	335	352	324	338	345	328	344	348	338	353	332	322	333	344	341	354	333	352	330	348	325	320	355	323	332	350	351	353	319	343	341	326	348	334	319	325	327	346	354	353	327	343	322	339	335	334	324	320	342	343	348	336	330	319	341	330	322	328	349	331	336	341	336	346	326	319	344	
324	336	347	329	352	328	326	322	322	329	347	326	335	345	334	347	338	327	334	339	334	355	330	319	341	347	341	335	331	337	339	335	328	333	322	349	320	328	349	332	335	351	340	350	346	346	329	346	343	331	343	352	353	335	338	327	340	321	337	330	320	350	338	332	343	334	345	350	338	329	327	330	345	333	343	345	320	329	334	338	330	335	336	331	336	342	343	342	324	353	322	334	335	320	341	324	321	334	345	333	351	341	347	342	351	333	352	351	344	346	336	324	319	349	355	352	332	339	350	338	350	332	330	349	343	327	328	337	345	332	342	342	323	319	351	323	348	322	327	322	345	343	334	340	320	351	343	351	326	321	342	343	321	321	328	320	343	344	343	319	340	322	352	320	337	337	327	326	352	335	333	334	355	355	329	330	348	349	342	346	
319	330	334	349	325	345	326	345	328	342	319	343	331	327	342	353	322	321	338	334	346	338	355	340	345	335	353	355	353	345	334	343	336	325	332	321	326	319	338	343	329	345	339	330	346	335	339	321	348	344	346	326	330	321	339	325	329	337	323	339	342	339	343	328	327	333	322	337	340	320	332	331	349	334	331	331	349	334	336	322	336	328	352	343	348	352	342	342	348	348	326	344	330	348	345	354	338	351	334	321	342	328	351	337	324	345	339	338	345	341	321	320	334	348	349	352	345	343	334	348	337	348	335	334	335	352	345	345	327	336	351	330	327	355	333	323	355	352	332	340	322	343	333	335	339	323	324	338	319	329	341	320	341	339	341	324	348	344	350	337	328	320	324	348	321	352	350	341	328	324	325	323	322	355	320	347	332	334	339	336	
338	330	348	354	326	350	326	341	349	336	336	327	335	347	334	354	326	321	320	332	336	353	341	355	343	336	327	342	348	320	350	339	350	347	329	332	323	338	336	352	337	338	348	324	336	352	326	342	340	319	331	324	340	345	331	344	347	337	329	319	339	347	352	327	328	351	344	331	353	340	330	354	347	336	351	355	334	332	349	325	326	333	355	326	327	322	348	330	335	321	322	322	350	333	332	331	343	353	350	324	327	342	352	321	351	325	342	326	344	323	321	352	349	334	341	323	325	345	334	344	350	353	350	350	345	324	336	342	351	334	333	327	344	321	336	350	333	331	319	334	353	342	354	320	340	327	324	352	331	321	354	323	349	344	324	345	327	344	335	350	337	329	319	335	347	335	324	319	337	322	324	339	352	335	343	326	332	338	333	344	
353	342	338	334	328	337	354	343	349	341	337	344	350	337	330	337	349	344	333	332	353	350	351	321	322	354	326	321	329	351	337	320	355	319	349	330	339	324	334	343	338	330	320	344	327	322	333	343	353	354	323	352	349	321	347	350	335	324	343	352	336	331	329	352	348	331	323	326	319	348	326	323	324	352	348	336	326	320	329	340	324	342	351	332	325	320	320	320	340	326	323	331	328	324	319	352	338	345	332	339	329	352	322	323	332	348	336	349	344	326	323	327	327	338	353	339	351	349	348	342	340	327	346	344	330	326	323	336	319	321	334	322	321	351	348	353	340	349	331	350	323	323	347	330	334	351	351	327	329	338	338	326	331	346	348	330	349	334	343	334	351	321	343	345	345	349	351	326	322	342	338	330	332	319	328	336	324	346	320	346	
355	327	322	320	325	322	351	329	336	334	329	349	331	342	354	319	325	327	341	335	335	324	333	336	339	337	331	349	333	332	348	334	336	326	351	330	353	344	347	331	341	321	329	323	339	355	340	343	353	341	342	326	348	320	342	323	340	333	351	348	329	335	341	335	322	331	342	326	319	330	343	355	351	342	353	337	324	354	320	323	341	340	323	325	336	332	330	326	321	352	329	322	320	343	320	334	333	341	319	345	355	324	340	320	331	320	349	321	347	344	332	330	354	344	335	328	324	322	324	331	331	322	348	325	338	340	353	328	347	337	330	343	327	337	329	322	348	343	329	343	324	321	339	322	325	328	344	324	338	333	333	333	345	349	330	347	331	323	323	350	338	322	353	353	320	319	347	336	340	327	350	326	319	322	343	322	346	355	352	353	
335	352	334	345	325	341	348	326	322	329	334	324	341	348	321	322	321	322	328	345	320	329	346	322	343	348	326	323	335	336	352	319	334	345	348	349	326	355	337	327	348	336	321	324	343	322	327	349	351	350	340	330	351	331	354	330	351	321	328	348	350	332	349	338	337	341	336	345	355	339	338	341	348	329	345	341	332	342	334	355	319	336	333	324	319	353	355	354	319	355	352	348	341	354	345	352	336	323	353	350	326	347	350	327	343	346	325	340	332	340	350	336	325	345	346	347	326	342	330	322	338	343	341	326	324	336	348	328	331	324	328	327	338	331	347	322	345	340	345	320	354	333	321	338	325	320	338	328	344	331	353	346	324	335	350	334	347	350	350	338	323	345	350	349	338	331	319	330	345	350	336	334	347	337	320	350	340	350	338	319	
335	321	335	352	332	322	344	343	322	326	332	343	343	345	355	332	342	326	325	354	339	329	332	351	326	336	319	338	341	343	322	348	335	321	323	331	349	333	334	347	335	332	348	343	322	321	348	351	335	350	319	335	338	351	327	330	341	347	319	328	353	349	325	321	323	348	350	324	347	338	355	330	336	346	351	340	351	324	355	352	346	340	355	325	338	321	333	320	332	339	333	336	336	351	319	347	323	347	349	342	322	351	339	330	352	351	337	354	339	328	354	346	341	345	338	348	352	339	343	323	346	333	326	349	327	327	336	339	325	355	339	331	333	354	326	355	350	320	342	340	320	326	350	347	345	355	348	332	322	354	321	344	344	324	346	347	341	324	355	319	341	336	354	335	326	339	346	336	326	344	336	335	344	327	354	337	351	334	326	346	
336	322	346	350	342	331	331	338	349	323	333	355	339	329	330	322	344	354	354	341	322	327	332	327	354	338	344	342	334	342	327	350	323	323	355	326	354	339	343	346	341	345	332	333	341	327	332	355	336	352	350	352	338	344	332	329	331	343	346	332	342	331	336	350	335	353	343	324	322	333	323	350	331	321	325	330	323	325	351	328	346	343	332	333	321	327	337	347	345	320	336	346	352	333	321	346	345	336	323	323	326	351	337	326	349	320	329	319	319	348	324	321	344	350	333	326	350	328	328	326	350	320	355	319	325	335	327	336	352	321	353	338	355	351	354	321	331	324	325	335	330	351	329	346	343	326	331	329	349	325	320	351	338	334	320	322	355	344	339	346	339	319	338	339	341	337	335	339	324	320	320	335	326	352	333	349	324	338	334	345	
320	333	340	329	341	337	352	340	339	323	355	342	348	338	342	343	334	336	344	319	319	333	330	340	325	328	339	324	319	346	332	320	339	335	319	324	329	336	349	345	351	323	328	336	349	346	340	325	345	336	319	324	329	328	345	327	336	333	339	342	320	323	346	332	336	347	347	348	330	341	333	342	352	348	334	320	352	319	342	350	334	330	330	341	320	354	338	321	352	330	347	337	334	334	333	351	322	348	333	329	333	332	327	352	328	346	347	348	338	331	352	347	341	325	344	332	341	343	354	335	354	330	344	332	337	346	352	336	330	332	331	326	322	341	320	326	342	354	349	340	336	351	328	322	329	323	333	348	347	343	319	328	353	341	339	323	321	326	355	323	333	346	334	339	345	319	350	320	352	342	336	334	342	326	327	328	344	340	322	328	
351	345	340	326	352	348	355	355	337	324	342	342	351	338	344	322	346	322	354	330	338	346	319	334	347	346	339	333	319	333	346	340	326	354	355	347	346	330	355	352	339	352	324	345	337	352	339	345	323	340	355	330	330	353	319	349	323	327	352	338	325	339	319	329	355	319	336	326	330	349	327	342	321	351	346	332	334	338	320	343	322	334	342	334	329	353	344	348	340	329	336	320	319	342	349	325	333	340	338	330	324	333	322	342	338	355	327	345	325	320	337	351	328	349	350	333	346	322	341	347	335	349	342	326	329	340	350	342	352	325	339	323	339	319	347	353	328	347	350	338	340	349	336	340	354	329	353	350	343	322	333	340	331	353	339	327	344	337	326	321	336	339	321	321	326	325	320	324	341	350	323	322	329	338	326	354	347	350	337	353	
355	348	354	321	326	347	349	354	333	333	321	328	330	350	333	352	326	320	330	331	336	348	350	344	320	326	324	337	352	355	331	321	348	347	330	328	324	326	320	322	336	331	351	343	350	347	323	320	348	330	346	328	324	334	325	353	354	334	344	321	348	341	334	319	338	343	324	339	335	352	354	327	326	329	351	337	353	326	327	320	350	339	341	338	343	329	339	321	346	327	346	346	327	337	353	321	336	350	335	349	333	337	338	321	343	339	347	353	334	344	349	322	353	327	332	338	348	324	346	333	327	339	354	329	333	319	338	327	355	323	330	341	347	320	335	330	322	346	328	322	336	355	351	321	320	350	342	341	345	348	327	335	332	340	333	344	325	352	338	346	339	320	334	325	329	337	349	339	340	347	350	331	342	333	348	326	328	345	326	340	
342	336	337	351	345	327	323	342	348	324	347	325	334	334	350	323	339	322	337	336	340	336	341	355	321	347	324	350	355	343	342	323	328	333	344	342	355	336	347	346	340	346	355	323	342	338	350	344	345	322	354	338	339	332	327	323	333	327	332	344	340	323	343	344	341	343	338	349	319	353	339	335	339	335	332	325	330	342	324	335	346	337	346	342	352	322	334	350	324	352	332	348	350	334	331	326	326	337	325	319	340	335	331	343	332	353	343	339	340	334	333	331	332	346	327	346	322	342	348	332	346	352	327	323	353	330	324	320	352	341	355	346	326	339	349	344	353	338	333	339	350	347	352	339	354	319	322	320	327	340	321	326	336	324	354	336	341	335	350	333	325	323	344	329	335	344	329	349	321	355	331	334	353	342	345	335	354	354	324	343	
350	334	335	338	355	325	331	334	332	342	336	339	350	341	335	323	319	339	328	347	349	347	330	353	345	332	323	337	349	346	355	331	331	338	339	321	355	319	355	328	353	343	333	332	355	330	344	335	323	339	320	338	331	339	326	336	319	343	321	347	338	353	319	345	343	342	320	346	354	347	342	325	346	334	351	326	350	329	321	344	332	347	335	343	326	355	354	339	346	325	326	332	327	341	340	321	327	324	343	328	330	319	335	355	341	350	332	349	334	352	322	344	338	346	331	336	326	338	322	323	324	323	322	352	337	335	333	337	353	339	351	332	329	320	325	323	339	329	347	335	333	334	326	334	334	348	344	323	344	350	323	328	330	348	322	341	332	347	352	329	353	336	323	323	348	332	343	326	329	332	331	322	319	331	332	320	344	330	353	355	
354	342	337	345	334	351	320	326	336	354	326	351	335	349	343	343	325	326	345	328	321	343	345	325	332	322	320	330	330	346	345	320	326	332	327	355	347	347	346	323	344	350	341	329	347	324	347	335	342	350	349	342	321	348	349	325	326	340	343	335	348	353	342	336	349	343	322	329	330	335	334	331	324	336	350	324	342	326	319	353	350	331	344	322	347	339	323	326	349	324	339	344	332	320	339	344	328	334	325	331	337	319	321	338	336	347	338	320	341	344	344	344	348	352	331	332	349	319	335	324	325	355	347	345	323	338	338	342	320	337	327	319	348	329	331	342	326	330	343	340	332	342	353	329	341	328	333	350	331	331	339	355	324	349	327	350	324	321	339	347	353	323	354	331	334	354	338	349	336	347	330	343	349	342	353	335	325	325	319	322	
324	326	345	345	330	334	331	337	327	323	355	320	350	322	340	348	320	322	339	334	338	335	338	331	321	319	336	334	330	344	350	335	333	355	327	348	340	327	331	355	332	322	330	344	320	334	332	320	333	352	352	332	347	353	336	334	339	350	340	351	345	347	329	333	339	325	333	340	346	344	346	339	328	333	352	334	327	339	355	324	338	333	351	355	335	328	333	319	351	338	336	342	339	322	333	354	328	340	355	349	353	324	336	329	321	344	341	324	328	335	342	354	332	340	346	352	351	332	347	339	334	344	333	351	353	347	327	350	322	322	355	337	346	333	340	352	338	330	348	348	337	354	348	342	333	328	319	349	342	336	349	323	336	327	333	331	353	340	326	345	345	353	345	322	324	347	324	337	326	325	322	328	335	351	355	326	342	329	326	324	
355	320	341	353	327	321	340	332	353	339	346	319	332	346	346	354	326	335	336	327	328	344	354	321	335	322	321	328	342	345	348	323	350	331	342	330	324	323	330	336	346	335	345	352	336	343	333	324	331	341	322	338	322	332	340	327	330	354	321	326	333	348	332	345	327	343	323	332	352	328	347	331	344	324	345	339	346	327	327	332	326	345	331	346	342	320	338	352	339	326	354	352	338	331	327	333	341	347	336	331	326	350	335	341	351	320	320	336	350	352	330	342	344	334	346	345	329	320	332	329	347	328	319	347	354	342	349	348	346	353	319	342	320	355	347	331	342	336	335	333	331	345	330	345	344	319	324	355	338	333	349	323	332	319	324	355	325	328	339	343	340	349	334	351	322	321	353	324	330	319	331	332	351	320	347	333	351	319	345	335	
325	323	353	349	347	337	342	343	331	322	347	326	320	338	335	352	328	325	352	331	353	327	352	326	326	321	354	333	339	346	346	333	349	335	330	325	339	345	340	350	344	353	329	330	331	324	320	325	355	344	351	322	331	349	321	319	340	353	334	343	337	334	322	323	350	355	354	327	324	355	339	349	325	340	344	344	344	342	328	346	320	352	320	319	333	354	348	350	333	341	329	323	328	354	349	336	332	328	344	337	325	345	334	331	325	336	348	324	341	338	337	347	333	337	348	353	321	348	323	340	325	323	335	348	336	324	342	333	329	345	355	346	338	329	346	333	327	341	320	342	342	349	351	333	326	350	320	349	340	332	347	353	343	331	348	334	331	330	342	347	348	349	331	334	334	324	337	348	334	337	337	350	354	353	321	331	341	328	337	324	
322	329	325	339	342	340	322	344	342	327	328	348	320	350	350	347	350	353	347	339	325	347	354	325	324	348	330	345	337	336	322	325	333	332	326	332	323	331	332	344	322	346	344	349	323	324	339	321	355	322	334	345	322	320	323	325	339	330	325	348	321	339	341	343	346	340	354	340	346	338	343	329	347	326	321	341	332	321	355	326	334	341	349	343	348	350	351	326	337	322	338	325	352	326	323	337	331	348	347	345	350	343	339	341	322	355	327	343	337	321	349	340	332	328	339	330	322	334	331	329	343	324	339	348	328	329	334	352	334	329	353	353	338	322	332	324	352	325	350	337	339	347	328	329	329	320	351	320	331	341	321	331	326	331	333	328	351	344	352	347	342	348	321	328	322	354	322	327	325	340	329	337	319	331	324	335	350	354	319	320	
346	323	325	332	340	326	350	321	320	323	355	348	355	319	348	336	329	353	323	341	338	355	355	322	343	330	336	350	336	336	341	319	330	340	355	334	333	325	341	349	333	352	337	329	322	354	347	353	342	322	347	341	346	352	331	328	319	350	326	345	326	352	351	334	355	323	343	328	322	343	340	334	329	330	322	319	345	352	342	353	345	338	343	338	338	333	322	345	350	346	334	334	355	329	354	337	352	346	351	346	338	343	352	353	347	355	339	349	330	331	327	329	352	352	344	340	349	335	330	329	330	340	329	320	340	337	334	346	338	322	320	337	336	342	323	344	334	336	340	325	344	323	332	352	343	341	340	334	321	340	329	341	344	322	348	328	347	347	349	333	320	352	355	335	319	342	322	329	338	334	319	326	324	337	328	342	348	331	355	348	
342	355	348	321	347	327	335	332	340	343	352	344	325	336	336	338	345	351	346	343	344	336	325	345	350	335	328	342	331	337	334	321	343	320	326	353	352	336	352	319	328	333	335	352	322	338	325	348	329	322	327	350	347	333	325	336	352	351	333	322	328	338	323	322	350	354	336	326	337	342	334	350	346	354	330	352	342	322	355	327	332	326	329	319	322	352	355	353	339	354	352	355	325	334	338	325	341	337	320	332	342	350	347	353	327	351	345	347	328	337	332	346	328	323	347	336	332	339	331	339	343	327	323	338	355	341	331	340	346	351	332	331	343	323	323	333	341	341	352	353	319	335	347	350	340	347	324	325	336	342	327	346	322	334	351	343	338	340	343	337	328	343	344	325	326	321	338	328	347	350	323	354	345	327	339	354	337	320	321	322	
351	347	336	322	345	343	350	354	355	338	326	350	331	320	355	320	327	350	333	350	333	324	352	339	335	354	327	329	321	343	354	332	337	343	342	327	331	337	334	335	339	343	352	343	334	329	348	351	332	337	354	332	355	348	330	328	321	338	335	355	339	336	333	347	324	345	345	328	320	355	333	322	346	327	342	319	326	337	354	334	345	331	322	334	324	337	320	334	345	334	331	352	325	339	322	319	351	338	320	320	349	334	354	347	336	340	340	325	332	346	322	355	355	335	323	334	335	342	344	330	328	319	327	331	349	340	332	346	345	328	332	338	331	334	355	355	335	319	343	328	334	350	333	321	347	345	336	342	342	334	336	354	349	331	349	319	321	349	328	337	319	348	326	341	322	336	327	337	338	350	354	319	339	343	347	334	335	347	325	339	
342	345	336	334	335	325	324	328	342	339	335	345	344	341	321	339	351	339	346	334	345	326	320	334	344	343	354	332	342	348	341	350	332	335	339	333	354	353	352	324	319	351	354	320	355	344	320	352	345	324	344	327	326	348	348	349	330	323	339	332	351	328	346	338	337	331	330	350	345	347	338	330	347	335	344	319	319	334	351	319	324	334	340	324	322	352	350	333	332	322	320	352	328	344	333	351	339	320	322	340	325	328	354	324	355	328	329	319	335	337	321	321	343	344	320	320	344	336	355	354	341	343	352	340	334	332	352	328	355	341	342	355	328	352	330	335	349	342	324	321	333	322	339	322	346	342	325	331	350	329	331	325	333	354	350	352	339	337	321	341	326	332	336	349	354	351	341	338	332	350	335	335	338	329	334	347	350	353	340	345	
354	334	325	320	330	328	354	354	343	354	323	331	321	321	322	326	332	346	323	348	341	332	332	336	328	331	321	354	319	351	329	321	320	328	335	330	355	321	332	348	339	335	333	348	321	344	328	334	325	321	328	346	336	349	345	333	319	336	331	347	331	329	344	320	319	331	324	331	350	324	338	354	336	351	329	355	350	329	343	347	352	319	350	343	341	345	339	327	338	347	322	338	352	354	341	339	329	331	345	325	329	330	346	327	332	333	351	333	328	354	328	350	326	336	322	320	352	352	329	331	344	341	322	331	351	333	355	321	343	328	354	328	330	342	344	344	335	319	352	330	338	342	347	330	327	336	347	355	339	342	336	348	352	350	343	330	324	335	325	334	349	328	354	338	335	321	332	321	346	335	354	331	329	352	332	319	320	339	344	334	
337	328	355	353	352	355	334	323	352	345	332	319	332	331	335	352	351	333	325	334	324	342	319	335	323	339	336	350	341	330	353	331	351	331	339	335	351	347	325	326	325	338	350	340	342	334	328	324	323	340	324	344	342	346	333	348	321	343	321	331	330	323	352	342	326	337	329	354	349	346	342	320	320	341	323	350	327	345	355	321	348	332	327	351	336	341	349	329	345	351	331	332	332	322	354	342	343	344	340	338	329	322	328	344	320	342	321	345	326	343	336	341	342	323	355	340	339	354	331	326	320	339	338	346	332	334	343	346	346	325	321	351	346	324	346	327	338	324	324	323	330	337	351	329	336	326	342	348	348	336	319	324	323	333	337	352	321	354	320	325	337	344	327	331	341	320	331	354	344	339	335	339	333	322	337	321	344	332	319	326	
347	348	333	355	353	348	348	330	320	324	347	341	337	344	326	351	322	343	355	336	338	327	355	335	343	330	326	322	347	324	324	325	331	324	328	349	322	349	335	322	322	346	329	338	341	343	340	348	322	330	326	349	322	337	342	330	340	331	329	330	322	321	329	336	344	319	335	350	355	335	320	326	324	339	347	338	321	352	343	328	350	341	353	330	338	352	323	338	323	336	354	347	338	353	337	331	319	323	320	350	339	325	348	334	326	319	326	320	333	353	329	333	335	339	336	342	338	329	343	346	326	351	334	332	320	345	328	320	352	338	355	344	324	333	329	354	334	349	332	346	325	325	355	330	352	325	344	327	332	336	339	339	332	336	346	355	321	328	325	354	322	326	335	344	339	349	346	326	328	354	343	336	352	331	343	329	343	334	355	319	
326	327	352	355	345	353	352	355	336	337	324	323	328	329	348	353	323	328	339	331	333	350	349	334	323	327	329	321	348	319	324	320	319	328	327	340	353	340	355	355	339	344	336	352	327	326	349	350	354	319	346	345	334	339	334	348	320	351	333	345	337	347	345	331	345	353	325	336	333	333	323	334	338	333	352	346	340	338	345	343	353	342	328	326	330	350	333	331	328	321	339	352	324	337	339	326	321	335	351	320	353	353	334	351	335	325	337	331	339	355	323	323	337	339	332	348	322	333	352	333	353	339	345	331	336	334	340	351	344	323	328	344	337	348	337	345	336	333	330	321	328	344	344	337	328	330	329	336	336	334	335	343	339	333	323	337	337	346	350	346	338	325	344	321	339	333	324	344	328	348	355	319	342	347	342	355	321	328	323	350	
354	326	355	342	319	341	330	349	350	328	326	330	334	335	329	325	319	340	345	340	335	352	354	329	334	331	348	321	346	342	355	340	337	333	344	323	327	342	320	338	340	337	328	338	319	342	322	337	322	351	348	337	326	351	347	331	330	343	340	328	320	327	320	326	330	326	330	334	349	353	328	333	323	322	328	352	326	323	341	336	344	325	339	338	326	349	347	323	333	343	322	333	343	354	355	353	325	326	349	320	355	351	345	321	331	330	329	355	343	339	332	324	320	349	327	326	337	343	323	340	335	349	343	348	332	331	326	327	343	324	337	342	349	349	345	351	319	338	322	352	346	333	327	324	339	354	352	331	331	342	342	324	353	342	342	334	323	327	349	341	344	333	355	338	342	355	348	333	322	354	346	353	355	354	323	333	335	331	324	338	
326	336	354	331	346	344	331	348	325	329	327	348	322	334	328	322	331	325	326	323	343	350	340	352	319	353	346	321	349	321	333	349	325	328	341	327	347	346	330	328	353	341	339	323	352	335	323	326	329	336	353	341	321	327	345	325	348	336	347	342	340	335	348	355	342	351	326	333	335	346	335	332	326	319	340	341	351	348	330	322	330	349	339	330	336	337	347	353	340	345	338	351	333	339	333	343	338	330	332	338	322	353	348	340	340	333	332	333	351	340	355	327	337	339	340	347	348	342	320	345	340	340	339	343	343	334	329	355	349	349	355	347	322	350	339	354	338	334	340	335	323	325	350	349	337	355	333	348	348	319	341	320	340	339	339	327	349	340	332	319	334	346	333	325	333	321	325	319	321	321	346	351	322	330	339	332	321	349	326	337	
325	354	349	347	328	343	333	340	325	331	334	348	341	337	325	353	326	323	339	335	332	322	335	355	330	340	322	353	322	327	346	337	325	335	348	322	319	346	326	333	345	340	340	332	355	325	331	327	345	348	345	350	341	354	334	324	344	344	349	320	352	340	345	355	323	329	329	324	326	354	327	331	342	331	355	347	328	340	321	352	336	323	320	335	342	325	319	350	333	326	342	348	345	336	325	334	338	352	320	334	333	330	332	319	333	319	320	340	336	355	327	346	347	345	344	344	321	333	353	343	331	337	328	320	323	337	326	332	327	354	324	345	339	333	322	350	325	330	321	335	353	323	349	330	347	329	346	349	331	336	338	333	328	347	349	344	327	345	342	319	337	345	319	339	350	353	335	341	341	343	341	331	354	332	351	355	353	322	336	354	
333	329	336	330	333	328	337	346	340	345	350	321	325	337	344	334	351	329	348	341	323	321	319	352	348	327	319	323	328	350	343	347	321	330	342	354	353	353	319	334	342	336	352	350	332	320	340	352	355	329	340	323	323	331	352	323	346	336	347	354	336	332	343	339	352	326	327	327	337	340	350	333	337	346	330	327	330	349	331	338	326	346	338	350	333	350	331	346	354	348	324	347	341	321	324	336	346	355	341	321	355	345	332	342	349	322	328	337	352	334	322	329	339	342	328	334	352	348	336	336	325	332	341	338	354	320	336	326	327	333	342	323	319	339	336	327	324	333	329	330	336	342	346	352	355	332	332	320	343	331	324	323	349	319	354	350	324	345	326	323	353	324	337	334	343	354	321	346	327	334	352	321	352	332	334	323	333	352	336	335	
351	353	351	320	326	333	351	336	324	354	348	353	346	355	349	325	350	337	344	325	338	328	345	351	330	349	350	320	345	355	331	349	331	329	336	350	325	333	325	337	325	337	351	334	329	320	344	331	340	336	344	335	349	335	352	353	341	343	333	328	332	339	339	320	320	351	341	333	344	322	336	343	326	332	334	341	319	339	320	334	349	352	344	344	320	329	331	330	339	329	350	331	341	347	348	332	352	347	320	342	355	322	341	339	331	344	346	324	344	345	348	326	334	319	328	332	336	332	331	335	331	321	350	326	344	341	338	339	324	342	338	349	319	328	329	321	330	333	347	340	348	346	330	335	353	323	322	354	319	320	355	323	319	324	319	332	339	326	322	348	342	352	353	337	344	348	340	345	347	354	324	327	320	343	339	332	347	352	349	347	
354	320	334	327	331	320	353	331	322	338	326	329	339	354	342	354	355	342	340	323	355	336	350	332	343	325	324	330	350	333	352	324	332	330	327	349	344	333	322	343	323	352	343	354	349	334	353	324	333	346	326	320	342	332	338	323	319	332	349	337	350	346	336	330	352	353	347	332	325	350	344	344	330	344	342	349	325	332	351	333	329	337	352	322	344	339	350	354	344	324	335	321	330	344	327	343	338	330	327	338	332	349	341	350	349	346	355	330	341	347	329	323	329	330	335	323	321	326	347	345	352	345	344	336	353	334	321	336	328	327	353	340	338	339	332	346	332	351	355	333	329	339	342	321	320	336	345	350	321	324	330	340	346	320	322	335	338	327	331	355	333	336	321	332	325	339	345	323	343	336	353	322	334	323	326	333	350	328	336	342	
319	329	344	352	334	344	335	328	348	339	326	323	340	336	342	342	338	326	338	347	333	329	337	338	325	324	320	330	327	335	324	330	355	339	335	319	344	335	336	336	336	322	341	332	329	336	332	334	329	331	348	336	352	339	331	350	342	348	327	350	324	344	336	355	322	348	319	333	339	349	322	336	349	343	325	322	325	331	339	352	326	337	336	345	327	335	353	325	344	330	346	322	350	332	341	341	354	349	323	340	354	325	323	328	353	345	337	341	342	326	331	349	330	342	346	351	352	325	336	354	353	322	355	328	337	339	347	349	343	319	326	354	352	340	334	334	350	353	339	339	347	355	323	325	322	348	332	334	321	324	347	339	337	328	343	327	347	337	325	355	341	350	320	336	355	349	330	353	354	341	341	329	319	329	352	347	353	320	349	320	
326	352	348	353	342	347	338	324	349	351	328	342	333	342	330	352	334	330	342	337	329	334	351	342	341	328	352	337	323	341	340	334	351	343	323	321	319	330	327	351	332	339	331	349	332	329	352	335	340	332	350	350	343	355	325	330	325	350	347	347	350	341	336	351	352	338	342	322	355	348	345	329	353	346	348	355	336	326	345	343	351	338	353	320	349	341	349	350	351	351	346	324	345	332	354	324	321	320	340	330	332	324	321	350	319	351	348	329	352	354	339	346	353	339	349	331	340	340	343	355	325	352	354	341	337	347	351	349	331	343	322	328	349	338	334	322	330	327	330	352	342	340	347	339	320	324	334	343	347	355	342	336	350	330	330	340	346	326	333	331	340	347	320	331	343	326	345	332	325	353	322	323	338	320	328	325	350	336	331	322	
345	328	352	343	343	326	348	333	330	353	337	326	333	325	347	348	336	344	330	355	323	350	342	333	335	334	333	331	351	326	341	320	344	335	348	349	345	336	330	337	334	352	348	355	321	334	340	345	328	320	327	341	336	324	337	321	347	344	341	322	353	319	343	342	353	324	355	333	352	334	345	354	331	319	324	336	337	337	345	322	355	320	337	355	341	340	342	339	327	321	354	354	332	320	355	341	336	329	328	341	341	328	352	353	343	333	321	320	337	321	342	335	341	335	335	352	324	334	349	342	350	351	337	344	337	342	326	324	344	339	319	336	344	330	354	338	345	343	341	323	355	344	351	333	333	327	333	351	328	322	320	336	350	336	346	322	341	335	333	350	328	334	339	338	351	347	351	341	328	333	326	335	340	320	336	322	330	323	346	344	
335	327	341	342	320	334	347	330	324	346	326	343	353	345	347	341	336	334	325	338	329	320	355	322	328	328	331	334	355	334	319	343	355	328	337	347	320	330	324	330	325	353	353	333	322	337	353	325	335	342	338	346	343	337	328	352	328	341	323	329	322	328	353	324	340	335	325	345	334	350	345	328	349	340	347	321	330	354	329	321	345	329	333	343	319	319	328	334	339	345	319	353	324	327	355	346	322	332	325	331	348	344	336	344	327	337	331	320	332	354	340	325	330	323	351	329	341	347	343	347	352	324	334	320	347	321	319	332	330	329	326	326	337	322	352	341	343	338	354	349	325	319	340	336	349	348	354	347	336	326	334	341	344	349	347	354	354	354	347	321	324	355	325	337	351	346	354	319	320	353	342	348	330	351	334	325	332	333	328	331	
353	325	325	330	325	344	345	332	332	353	339	319	339	328	345	337	333	352	328	320	332	342	335	351	331	347	336	348	326	348	350	323	342	335	333	330	343	341	341	351	340	333	321	322	336	355	343	339	328	350	319	346	327	333	342	348	336	341	344	335	321	351	319	354	351	346	353	323	332	319	333	353	325	352	349	321	330	337	345	327	349	348	324	341	349	345	329	345	345	354	342	353	332	340	319	341	321	335	322	350	351	329	333	355	353	337	333	355	347	353	340	343	325	348	332	341	344	320	348	353	351	336	320	351	341	328	320	351	333	336	350	321	338	324	344	319	337	345	319	346	331	336	353	332	341	328	340	339	319	348	349	337	351	331	343	325	332	354	344	346	355	348	348	337	328	320	346	329	320	344	331	354	347	348	327	339	352	350	335	321	
328	328	354	323	329	334	331	319	321	333	330	321	354	350	332	322	321	345	328	341	343	344	320	336	349	322	332	333	334	345	352	349	335	339	323	343	339	338	341	332	345	327	348	335	349	354	325	338	320	353	319	344	351	346	343	335	319	353	342	332	338	319	344	349	336	344	345	331	324	351	328	348	352	347	332	348	326	323	344	332	326	319	322	327	346	339	352	350	321	346	334	344	337	332	345	351	346	322	332	355	351	355	342	338	342	343	329	342	324	328	332	346	354	338	338	331	335	328	348	336	325	354	323	355	332	350	348	325	353	324	320	323	333	354	333	331	322	350	350	341	350	336	340	344	320	352	340	346	340	327	337	329	323	323	340	333	336	322	340	324	343	340	348	349	350	333	338	339	342	353	321	338	331	324	324	354	342	330	343	325	
332	341	330	342	354	328	327	354	336	345	353	321	353	323	330	333	333	327	332	338	350	345	339	329	345	332	350	330	343	332	322	331	327	344	345	351	351	327	331	348	350	341	335	319	319	325	332	323	355	339	353	333	344	343	324	337	352	328	355	354	327	347	345	333	341	333	335	319	328	347	319	334	354	332	334	350	331	329	329	346	347	329	319	331	341	319	331	346	321	332	331	355	343	325	330	332	327	325	320	320	355	347	347	339	337	328	330	350	354	348	349	330	342	329	348	354	347	352	348	331	347	326	354	339	351	323	327	352	329	335	319	328	345	326	322	354	339	343	322	326	321	341	350	352	336	344	340	335	345	347	326	341	322	326	325	345	335	332	327	321	324	350	335	342	332	329	333	333	319	342	343	349	329	340	351	334	328	342	321	344	
332	339	320	347	324	344	333	343	341	329	349	335	330	321	322	330	349	348	337	348	333	350	326	329	350	341	329	339	338	323	331	320	328	341	325	328	354	335	344	347	347	349	331	328	339	343	335	321	346	353	342	347	327	330	322	335	334	355	343	319	327	332	326	331	333	344	330	342	320	341	349	322	319	323	352	349	355	329	321	330	346	355	335	334	326	352	320	340	336	334	355	344	343	330	332	326	346	354	328	351	340	339	323	344	332	327	341	327	340	354	352	324	348	327	331	334	348	351	349	340	339	342	351	334	323	340	327	349	338	354	328	320	323	327	342	320	343	344	345	321	352	347	322	346	351	321	336	323	339	322	345	319	340	331	352	323	350	355	323	328	336	323	348	342	341	340	327	352	330	338	342	331	320	334	326	351	338	347	352	352	
337	344	337	330	348	329	340	339	340	352	323	344	324	323	340	323	342	326	333	322	338	351	342	339	343	338	337	326	340	349	346	338	319	321	327	353	343	344	342	342	321	353	337	350	336	339	340	345	352	354	347	347	338	331	351	339	354	330	326	326	321	354	329	345	337	334	320	320	339	333	323	348	347	350	344	347	354	341	343	322	326	324	348	327	352	339	354	350	343	329	326	354	336	324	345	322	345	328	341	334	326	352	346	347	319	332	319	355	332	346	339	320	331	327	331	333	335	349	328	348	336	344	341	354	333	345	347	335	323	336	332	337	325	347	338	354	348	343	334	346	326	351	353	351	351	337	323	349	355	353	351	342	353	344	324	354	324	348	345	339	338	327	333	349	353	347	328	331	324	349	332	347	353	342	354	346	327	353	352	331	
348	342	353	321	342	344	320	329	340	350	345	332	355	319	324	350	341	329	353	329	353	331	344	322	332	352	354	321	325	331	352	343	322	351	321	344	319	328	340	326	346	340	320	334	335	319	344	328	339	321	326	331	347	339	336	339	350	349	329	328	334	324	334	344	337	342	330	346	325	322	340	349	343	323	322	352	351	328	351	331	339	345	346	341	322	327	343	334	320	325	343	354	347	332	336	330	327	326	323	333	321	350	324	346	325	329	348	321	347	339	339	322	351	320	334	347	337	333	319	325	335	328	343	336	327	329	336	337	319	348	327	332	344	324	337	351	345	350	324	352	345	346	335	323	335	329	348	336	332	326	342	331	337	342	339	323	336	351	352	343	333	330	345	326	333	330	349	340	335	323	347	320	345	334	355	352	329	346	338	340	
324	341	354	354	330	329	339	324	327	329	349	349	351	354	332	347	322	324	354	350	331	345	346	325	330	322	351	352	343	321	337	336	346	320	348	327	355	347	320	334	346	334	338	324	351	353	326	328	330	336	352	336	327	330	332	334	350	330	343	322	343	327	325	332	329	340	335	336	320	332	355	343	325	324	323	328	322	348	321	347	351	345	355	346	333	339	321	346	354	345	337	339	331	336	340	332	331	320	325	344	332	341	347	355	331	328	342	340	323	332	331	342	338	321	328	336	323	320	355	347	339	355	344	342	319	334	337	340	350	345	349	323	340	333	329	345	322	353	338	325	336	334	337	348	334	339	336	331	335	331	343	339	339	350	338	343	347	348	340	355	350	321	324	342	331	348	327	320	333	350	332	347	319	344	323	348	327	330	341	334	
326	342	320	330	354	327	335	323	337	325	330	334	323	336	344	323	325	319	334	353	330	355	333	350	322	348	336	350	322	340	351	346	352	348	319	349	320	344	324	324	343	346	342	334	330	330	350	327	319	323	324	340	352	329	350	336	354	323	343	324	346	345	324	353	321	344	339	352	350	337	353	325	341	323	323	343	324	349	354	335	325	320	341	333	347	331	321	344	348	337	348	339	333	328	331	334	332	330	342	338	345	350	330	334	325	342	326	334	321	323	344	351	323	345	348	321	342	320	323	334	325	346	343	327	335	338	329	323	342	342	349	327	344	353	330	321	322	320	336	349	339	334	349	350	331	355	331	329	326	339	345	321	343	328	347	344	341	339	345	327	321	345	326	324	328	348	343	327	351	353	325	329	351	345	340	320	326	355	319	326	
344	342	325	341	352	338	349	355	340	353	354	355	333	336	336	341	323	338	326	332	335	329	338	325	328	352	329	343	319	335	333	343	334	328	346	353	330	351	319	324	334	338	355	353	327	355	335	320	345	347	332	355	319	354	354	344	350	328	323	351	335	324	323	320	342	328	320	322	348	337	353	332	331	340	342	328	338	342	326	353	337	328	343	350	319	336	349	340	334	343	339	349	351	324	323	334	326	340	327	342	330	330	338	320	321	324	344	352	350	353	330	350	353	319	326	335	348	345	341	341	338	326	330	322	331	354	331	353	346	346	349	327	348	323	319	339	344	325	352	349	343	326	324	328	323	339	341	344	349	349	319	348	350	340	346	319	350	346	338	323	329	326	331	339	335	345	329	343	355	334	325	330	339	345	324	332	319	323	348	342	
346	348	338	327	355	347	335	339	335	336	341	354	354	330	323	338	353	352	327	329	332	340	331	352	343	322	338	342	353	335	322	328	341	347	344	333	323	344	352	337	354	345	339	320	326	339	331	354	331	340	320	320	330	323	321	328	334	325	343	355	329	340	352	348	325	350	345	339	333	350	339	334	326	347	352	342	338	323	347	346	351	344	327	321	355	340	338	321	348	349	332	337	341	346	321	322	319	334	334	333	335	320	345	331	353	349	319	322	339	325	339	346	322	333	341	346	347	320	322	330	338	335	328	323	338	332	340	325	345	322	323	323	350	354	331	331	346	346	344	335	319	326	330	338	345	353	328	339	327	334	342	335	355	328	341	333	326	323	332	320	343	336	326	329	346	333	332	331	332	347	331	345	353	325	331	320	335	343	334	322	
353	325	342	321	353	355	350	332	346	324	333	346	345	327	323	338	337	335	336	338	326	329	341	323	333	320	325	337	329	321	338	343	343	338	344	350	350	353	345	334	355	354	326	320	322	333	333	348	339	353	349	324	348	340	342	336	344	333	334	332	335	333	353	327	355	344	344	339	325	355	341	345	348	340	320	352	355	337	336	333	345	338	325	321	329	345	330	329	320	344	330	336	332	331	339	331	341	348	342	328	352	345	351	343	348	339	323	323	345	322	353	324	343	345	333	327	339	345	338	334	320	333	332	353	346	323	320	354	325	350	339	329	327	344	325	352	344	350	335	348	319	336	347	352	332	349	342	352	334	344	354	324	346	334	352	338	327	328	327	346	348	324	334	354	355	336	345	323	329	331	319	324	346	333	345	339	340	353	329	347	
331	330	329	329	321	321	324	351	337	354	336	351	342	353	319	333	350	331	338	329	338	343	335	354	327	350	352	345	324	347	324	329	346	320	325	345	336	351	341	319	343	332	328	336	321	354	337	345	324	338	346	328	328	338	351	337	351	322	355	322	333	346	336	328	346	340	343	355	350	345	343	324	351	335	350	336	330	320	337	329	355	327	328	355	329	344	336	321	331	353	335	331	335	329	348	328	335	331	344	343	331	339	350	328	335	352	345	334	345	352	347	322	341	321	330	340	346	334	337	349	337	341	326	320	354	338	324	341	346	343	333	324	341	321	347	337	354	343	342	331	338	341	355	353	321	351	328	327	324	355	331	348	343	350	352	335	327	338	334	352	325	352	332	326	343	323	326	324	344	339	342	335	343	353	337	331	322	324	340	334	
348	346	343	336	351	324	354	322	328	337	353	350	325	355	322	345	342	341	336	352	335	331	343	338	331	343	324	334	352	345	319	345	339	354	342	344	342	331	342	324	355	321	330	335	335	323	343	328	325	334	331	342	344	325	328	347	332	354	346	332	330	349	320	331	341	320	335	346	319	336	337	325	319	326	351	346	333	354	339	338	354	319	319	345	351	342	345	346	338	325	327	328	329	343	335	325	333	333	343	343	339	348	338	327	350	345	337	337	336	329	332	336	343	343	344	327	350	349	338	323	338	355	338	323	339	322	349	348	323	350	333	334	333	326	319	331	346	324	338	340	321	328	345	332	322	338	355	347	355	340	346	335	328	352	331	321	336	335	342	326	349	332	327	328	349	328	328	342	332	319	353	347	355	338	351	330	333	325	340	354	
347	321	329	326	324	329	351	336	338	321	334	352	328	346	346	338	352	336	319	324	352	332	345	345	348	319	330	329	351	323	345	334	349	328	321	328	343	342	335	328	341	327	332	332	320	322	351	327	333	352	334	343	334	351	348	321	327	324	346	337	338	323	337	332	351	340	322	353	344	325	320	327	323	339	320	328	325	334	350	336	330	342	328	349	346	330	320	320	353	328	322	333	344	330	349	327	334	354	353	325	346	336	343	325	352	353	350	335	339	340	319	352	352	333	332	352	350	331	323	332	353	345	355	327	342	330	344	338	348	355	352	321	346	345	323	339	323	327	337	321	325	324	323	330	331	324	329	319	351	325	334	347	335	342	322	352	351	346	331	335	353	353	344	328	329	333	327	341	343	330	334	349	339	348	335	323	326	331	328	351	
337	329	326	352	331	351	331	322	324	341	332	324	332	350	327	336	335	329	352	352	339	319	346	321	334	341	352	350	323	355	342	327	320	349	341	331	337	330	338	329	338	341	353	329	324	346	339	321	344	332	327	322	319	327	323	327	350	336	325	343	350	350	334	322	333	347	330	348	350	345	346	350	345	337	324	352	339	328	326	327	344	322	319	339	339	325	343	334	334	351	329	320	334	334	352	349	341	328	330	350	341	339	330	339	347	348	321	319	341	353	338	350	333	328	341	332	355	341	342	332	344	339	328	351	345	343	350	329	332	339	331	348	346	342	355	353	324	320	330	332	320	322	342	324	347	323	339	346	324	349	341	332	328	334	346	342	328	333	333	324	351	349	349	342	350	343	351	324	326	350	351	330	323	355	322	353	336	336	344	339	
339	328	337	330	327	336	319	326	354	338	326	355	345	331	333	340	326	349	330	324	336	328	329	349	320	346	326	355	350	331	347	337	352	337	327	338	329	344	348	352	355	355	339	351	326	343	347	350	327	335	353	335	324	348	320	355	343	323	351	322	342	320	325	319	355	341	353	344	320	355	336	352	329	321	354	319	343	349	331	326	348	352	343	328	332	353	333	334	332	341	352	334	330	337	332	352	347	342	321	331	355	343	355	351	331	336	346	337	328	346	335	322	338	323	347	331	326	341	345	330	334	351	329	336	319	352	324	326	347	351	330	355	322	326	339	342	331	327	329	335	329	321	337	343	354	328	319	345	320	349	350	350	323	327	349	351	341	329	328	331	346	349	337	320	342	347	327	336	338	338	351	353	329	321	331	340	351	336	351	333	
332	354	352	347	324	342	321	339	333	347	351	349	353	335	339	341	332	330	352	355	348	352	343	321	344	346	329	333	348	353	326	346	347	325	326	324	349	339	352	351	337	337	346	341	326	321	340	354	345	329	330	321	355	325	353	329	339	328	347	343	341	350	334	354	346	320	321	344	331	323	344	352	320	326	323	348	351	319	341	333	342	328	324	321	337	319	322	347	335	328	332	329	355	347	347	330	339	330	352	328	343	331	343	353	331	335	355	341	350	333	340	344	348	325	335	336	326	346	325	331	326	338	330	320	336	354	337	349	346	338	319	332	352	353	337	332	354	354	328	319	329	353	335	330	324	332	345	348	332	344	332	348	331	321	347	351	355	339	319	336	329	352	336	338	334	336	331	338	324	349	340	333	324	320	334	353	343	352	352	344	
325	345	331	346	354	339	342	331	344	341	327	333	331	343	338	329	334	333	319	320	325	331	343	342	339	343	337	350	337	349	328	319	354	326	339	338	352	327	331	344	329	332	319	351	351	323	338	348	329	325	351	325	335	347	355	327	352	349	354	330	341	345	335	348	328	323	331	335	343	342	351	334	323	355	330	343	333	349	321	353	326	343	320	335	338	333	350	354	339	338	321	347	339	350	333	346	336	350	341	330	340	321	332	344	320	333	335	339	352	338	351	333	335	339	333	321	336	325	331	355	348	355	339	341	328	340	322	337	339	347	327	337	332	355	344	337	321	334	349	346	349	341	332	354	336	348	334	324	336	349	324	345	326	354	330	338	323	350	336	350	331	331	336	332	335	319	334	350	322	332	338	345	339	343	324	340	351	328	341	320	
345	331	353	321	335	353	323	340	345	346	353	327	340	337	341	338	328	331	319	334	328	341	342	354	349	353	341	342	325	346	330	330	353	323	345	320	326	343	339	349	324	335	337	327	336	355	350	352	344	322	334	352	347	322	319	355	331	320	338	328	335	347	354	343	355	336	324	354	345	326	338	329	345	322	342	355	353	353	345	346	348	328	350	326	321	322	320	328	341	354	342	348	344	343	346	319	340	334	335	329	324	330	328	350	319	340	340	340	349	324	325	326	335	352	351	352	335	320	325	345	351	355	352	330	348	354	322	319	353	328	350	349	323	329	320	342	343	329	332	331	339	331	345	348	348	331	349	345	354	319	352	343	320	336	319	320	328	334	343	342	348	331	330	346	336	319	331	355	342	334	319	324	351	327	320	331	339	325	341	337	
