120
180
736	749	736	739	765	768	736	766	745	768	773	756	777	763	775	778	745	773	774	775	763	750	738	758	735	766	760	737	778	740	773	779	771	752	741	754	779	753	763	751	754	751	771	758	756	747	756	758	745	745	767	740	777	739	744	762	745	735	768	768	759	765	764	772	779	764	761	764	771	741	736	763	744	770	753	742	748	750	756	766	739	759	755	764	772	746	765	735	770	769	748	774	778	763	747	737	766	779	764	739	744	743	741	750	739	775	736	747	742	735	763	766	777	764	737	759	745	735	744	751	773	737	754	742	765	772	764	760	753	766	748	774	763	746	769	778	745	775	752	743	753	736	747	762	735	736	747	752	758	777	750	752	748	741	767	778	742	743	738	766	747	758	774	741	768	763	745	775	754	763	763	774	779	761	757	776	777	764	756	738	
742	735	755	773	771	759	755	739	755	745	756	762	748	776	746	766	739	777	770	755	756	777	751	774	757	773	737	738	764	774	775	760	756	746	764	773	748	758	761	768	738	745	756	743	768	752	739	759	774	744	764	754	760	773	764	744	776	776	773	779	771	771	765	737	737	749	752	770	755	749	745	772	753	776	759	740	741	757	764	759	752	777	746	757	766	735	772	750	771	747	743	755	765	737	755	740	772	745	737	736	769	749	747	756	735	744	756	769	779	751	770	763	745	778	735	767	768	759	772	766	745	770	776	742	744	744	751	757	773	765	759	771	747	753	735	744	769	737	743	751	773	771	750	743	765	773	743	755	735	770	752	757	747	758	763	766	765	761	774	770	779	742	751	760	766	748	746	743	740	775	740	741	763	735	742	760	741	751	740	739	
766	757	748	749	737	771	739	760	760	774	777	749	757	763	755	765	764	777	741	759	773	752	778	737	756	737	751	742	755	757	750	742	738	766	777	749	775	766	766	737	745	765	737	762	742	750	770	775	766	743	752	772	771	773	738	746	765	748	754	739	769	779	778	750	750	759	770	756	766	745	761	772	739	755	757	751	777	764	773	770	768	764	773	759	773	764	735	775	761	775	767	771	750	741	751	745	771	763	742	778	779	743	758	777	740	739	769	743	738	776	751	750	738	740	737	777	735	765	764	741	740	756	758	743	759	735	763	760	762	744	775	758	738	771	745	745	751	769	764	735	752	740	761	744	761	774	743	753	748	759	766	736	771	745	773	754	762	772	735	765	777	736	779	754	764	743	763	743	740	770	777	768	760	749	775	763	770	767	742	755	
771	737	740	756	754	773	744	754	735	773	761	777	738	766	768	768	755	743	755	775	764	768	747	758	773	751	772	766	751	764	755	753	778	773	750	744	761	736	740	754	749	761	761	757	776	749	746	778	758	771	752	751	771	751	749	749	765	775	751	769	775	737	744	770	766	767	739	756	778	736	779	764	770	761	749	749	768	748	741	760	740	776	768	761	735	749	766	770	746	762	778	777	763	769	749	764	743	744	768	769	761	773	764	752	742	778	758	738	777	744	757	755	763	741	770	746	735	737	738	741	767	745	764	757	755	768	766	741	762	768	738	750	778	736	739	778	750	738	747	757	770	771	736	748	737	750	741	741	743	767	745	740	749	768	765	751	749	778	768	746	753	773	739	739	754	739	762	779	768	746	769	779	742	779	742	767	761	764	773	772	
752	738	748	736	738	743	753	758	753	752	738	746	741	755	756	775	776	776	745	754	735	751	749	769	764	774	767	762	763	752	776	759	750	778	755	767	748	745	768	738	759	742	754	767	774	745	752	737	769	765	751	773	764	737	778	762	765	749	743	743	772	763	753	748	760	770	774	739	769	749	759	735	769	779	767	754	767	758	757	740	779	774	750	741	736	769	738	770	754	772	737	737	742	756	749	747	754	748	749	747	758	772	768	763	778	771	755	763	759	737	755	746	755	761	735	779	738	768	735	746	762	735	766	755	752	771	752	758	750	760	771	760	743	737	744	779	759	752	745	746	772	770	775	748	772	762	774	737	775	740	764	760	752	752	762	757	740	752	761	763	746	773	758	767	760	735	748	745	753	768	758	737	775	753	767	736	751	750	747	740	
745	769	778	772	772	750	746	748	749	774	779	744	749	779	770	754	738	761	768	776	773	737	771	763	757	737	758	777	750	778	767	742	759	740	757	773	773	766	772	740	766	775	767	779	753	751	771	753	769	737	747	739	779	741	760	735	746	758	760	770	739	753	763	744	766	776	757	759	745	754	748	779	752	752	760	754	753	738	747	756	774	747	735	743	740	735	760	779	756	750	738	769	739	763	744	767	765	768	755	778	738	764	736	758	770	777	758	769	759	752	775	741	775	745	743	749	765	769	754	769	776	741	764	768	763	763	736	757	772	740	745	762	762	769	765	751	735	770	739	751	736	770	766	768	750	774	760	742	759	768	751	745	735	741	762	738	766	767	767	762	773	770	750	745	747	775	736	778	746	779	735	744	778	766	774	774	745	753	753	778	
750	751	773	755	749	772	753	758	767	738	755	756	762	762	738	736	772	762	769	767	763	753	743	753	744	749	745	776	736	776	773	741	778	776	738	759	762	779	770	762	743	773	740	745	741	755	756	776	769	764	774	778	757	766	744	737	747	747	769	758	753	757	760	744	735	742	770	758	767	756	745	740	759	776	763	777	768	735	768	753	750	735	740	754	779	767	778	772	764	766	741	767	748	742	746	753	778	768	762	774	773	744	773	776	762	743	735	737	751	772	759	763	745	772	752	748	775	737	778	757	761	770	740	763	756	755	751	758	774	767	741	772	760	743	768	755	737	758	748	738	760	744	776	739	744	757	745	736	742	743	764	768	738	760	754	757	778	759	755	767	737	743	743	739	742	776	737	761	769	736	761	739	769	753	739	771	756	758	744	760	
740	779	750	771	746	745	760	760	739	777	760	746	743	759	778	743	760	735	745	778	741	745	740	750	737	743	741	749	763	778	775	774	770	735	741	755	755	742	762	757	766	778	750	756	767	745	770	756	770	747	767	743	766	767	738	775	755	753	757	744	752	756	736	750	746	761	740	742	759	762	777	769	775	739	751	772	772	778	767	736	747	742	778	773	779	743	751	748	735	755	737	773	766	742	769	744	760	735	738	778	753	740	769	760	759	753	752	743	752	770	751	738	740	769	748	750	736	759	743	768	777	746	761	759	778	764	761	765	777	736	744	752	778	735	737	763	746	772	751	737	767	779	754	763	744	775	762	765	747	758	748	746	778	752	759	772	736	763	744	761	769	737	741	759	764	775	749	777	738	762	758	737	743	770	773	770	764	737	743	747	
773	774	748	757	746	746	762	758	738	739	763	767	738	755	748	779	743	777	738	779	779	738	776	752	749	745	738	746	746	740	754	750	735	773	765	743	744	763	777	735	763	775	747	758	767	760	768	737	752	773	744	774	760	757	745	748	773	736	757	768	776	745	741	742	768	735	765	738	769	743	754	779	774	737	760	769	761	757	777	768	743	743	742	737	746	736	763	741	768	757	769	769	760	760	762	757	748	765	755	735	759	756	752	740	775	765	755	741	748	776	779	766	771	738	773	755	757	768	775	739	769	772	740	772	772	775	757	769	744	777	763	753	761	767	744	741	735	737	776	765	749	754	738	737	767	764	754	748	766	769	779	753	747	740	747	751	759	747	769	758	737	757	769	754	769	745	754	741	736	776	743	759	749	770	735	767	766	775	741	779	
756	756	750	738	740	743	747	771	773	738	757	767	743	742	762	772	764	763	743	772	767	752	777	769	750	765	750	777	766	776	748	764	741	765	766	774	740	773	762	767	760	779	753	749	757	775	741	773	739	769	736	752	779	741	738	771	747	762	761	739	753	768	762	739	771	762	760	769	762	775	751	778	746	763	749	761	765	760	753	770	738	761	771	736	761	752	740	750	775	752	748	757	776	750	760	774	754	750	758	752	760	771	760	776	766	765	758	753	773	757	762	763	763	763	742	750	739	746	758	776	745	745	766	742	747	771	740	769	735	762	769	746	761	757	761	767	756	755	737	736	772	761	766	749	747	760	739	737	753	773	752	742	756	771	766	753	744	742	747	774	763	748	765	748	741	735	773	774	738	741	751	747	763	771	769	768	777	749	771	758	
769	747	766	740	738	739	743	751	760	738	770	751	737	749	763	760	759	743	771	736	776	746	748	743	763	766	769	742	736	775	767	762	779	742	774	760	763	763	744	740	762	759	752	770	741	743	747	759	763	759	776	743	777	745	745	754	766	739	744	756	769	756	750	772	746	771	775	747	760	735	755	759	761	750	735	755	739	779	756	746	748	758	745	746	760	768	737	761	758	739	757	735	757	760	770	760	735	739	747	738	744	745	779	735	754	754	756	745	761	767	761	765	746	778	751	761	768	767	755	742	737	750	739	769	776	779	779	764	769	750	748	746	777	741	759	777	764	750	767	742	766	752	756	748	735	764	772	759	748	766	769	767	762	761	777	774	758	751	762	767	742	737	739	747	775	751	771	738	749	759	754	743	739	760	756	761	737	765	764	739	
743	779	736	768	779	744	745	746	736	747	776	762	762	737	745	753	750	752	740	740	779	776	761	752	742	768	739	778	740	752	764	743	755	743	747	738	764	748	771	771	762	748	763	744	771	758	739	752	757	775	735	739	753	740	739	760	759	758	773	771	776	772	749	753	736	754	758	777	764	753	735	766	766	753	774	750	757	771	746	765	738	761	743	740	763	736	748	776	762	769	767	772	752	741	774	760	747	755	754	763	737	736	738	741	768	779	742	735	776	772	758	770	756	746	755	757	741	768	736	745	763	754	753	767	736	776	765	756	745	768	771	753	745	743	742	735	772	766	745	743	766	768	750	763	754	751	750	762	743	744	753	756	759	744	762	767	747	761	750	772	767	755	770	743	747	766	779	761	763	758	779	745	735	762	753	771	753	753	740	761	
743	747	744	776	763	736	755	773	776	771	748	744	769	747	743	760	736	743	753	762	771	763	769	751	745	747	767	767	769	751	741	767	755	755	772	776	744	749	738	754	751	774	751	744	762	750	765	750	768	763	768	750	754	746	762	737	758	741	770	768	748	754	749	761	767	737	765	767	770	749	771	768	777	739	735	762	753	745	735	746	757	767	761	776	749	758	749	772	768	755	765	738	771	751	773	749	749	777	747	770	768	741	769	747	737	778	739	770	765	735	737	765	745	740	747	756	735	750	737	747	747	768	757	750	740	754	756	775	747	756	777	775	748	768	745	758	754	775	742	768	746	767	759	769	770	776	763	779	777	743	739	768	772	766	735	765	745	760	764	770	768	739	753	764	752	767	743	778	773	777	763	746	772	749	776	768	756	755	756	761	
779	739	771	741	747	758	747	770	778	755	746	741	771	767	765	761	742	744	760	762	753	747	766	779	752	772	738	746	749	763	768	771	774	755	738	750	769	764	775	756	774	750	738	743	740	748	754	745	774	775	771	768	769	757	774	740	765	760	775	767	761	766	778	748	772	758	763	752	754	759	768	748	769	770	762	736	775	767	736	735	748	779	762	753	751	757	739	758	770	766	770	736	748	775	755	744	742	779	736	750	771	741	760	758	736	752	739	779	745	735	767	756	759	737	738	749	743	743	737	748	760	746	774	774	765	764	756	745	772	760	750	738	770	765	778	758	737	744	751	738	770	765	779	751	754	763	753	743	752	753	748	758	738	744	748	778	749	759	736	738	767	755	779	768	743	758	757	753	752	741	758	762	758	753	759	771	774	764	753	769	
772	768	747	738	761	771	751	735	744	751	745	778	768	768	741	745	749	757	745	738	738	744	750	779	744	779	746	759	774	767	764	772	746	751	752	746	751	738	776	770	739	763	763	760	756	742	746	742	740	778	737	777	771	744	757	756	774	735	773	755	772	741	745	760	763	751	743	775	750	752	749	779	760	742	757	748	775	757	778	752	767	768	762	756	756	738	766	779	766	771	779	760	747	748	765	760	752	757	771	754	735	777	755	759	765	757	768	759	743	774	750	768	735	739	755	777	746	769	764	743	772	761	756	750	779	777	737	758	752	750	749	756	744	754	754	744	739	745	759	762	759	762	754	778	777	775	774	746	748	759	778	742	775	779	770	745	749	739	751	770	758	777	736	742	765	743	774	764	737	757	770	776	763	757	777	751	778	737	758	760	
762	763	762	757	745	755	741	746	736	738	743	740	757	767	766	751	773	779	735	769	736	762	748	752	764	758	768	743	740	753	747	737	777	775	776	751	761	776	736	767	765	747	735	744	759	778	751	758	775	776	761	774	748	754	753	777	755	736	736	754	768	778	771	755	751	746	766	754	740	752	749	766	747	773	777	771	771	759	739	746	766	769	739	769	776	767	735	742	771	767	760	749	750	737	778	752	737	747	756	769	756	744	765	745	768	746	779	767	753	740	735	769	779	742	757	741	759	743	750	774	746	773	771	748	769	776	765	777	750	749	745	767	740	774	753	751	772	735	779	764	742	738	773	747	747	743	775	761	745	770	752	746	775	745	773	762	761	765	754	772	772	772	750	772	767	773	769	737	779	738	748	736	761	777	739	760	739	771	756	778	
748	745	740	744	779	742	757	768	755	761	742	769	768	754	740	771	765	767	774	758	740	773	761	771	767	749	735	742	758	736	753	765	765	765	770	749	758	757	746	773	770	746	761	759	767	756	766	755	777	769	755	764	772	738	749	748	762	743	766	737	758	776	747	749	774	767	754	777	769	744	764	778	745	777	771	741	765	770	737	739	752	779	737	748	778	760	753	744	776	746	740	748	754	774	768	772	755	770	773	745	756	753	769	741	775	743	762	738	749	760	754	770	774	742	770	759	778	735	778	774	757	772	750	760	738	770	776	777	748	763	752	770	766	760	755	746	747	761	755	763	761	739	754	743	750	752	768	773	779	773	753	764	749	777	758	776	762	748	770	754	755	747	758	741	740	742	768	738	742	760	739	778	758	738	759	753	735	774	748	756	
775	735	750	777	754	771	765	756	747	747	741	765	736	739	772	751	752	764	764	743	763	774	775	771	736	772	777	758	778	775	751	777	764	759	778	757	759	762	745	765	775	745	744	737	775	739	769	741	775	777	745	735	751	754	757	776	739	735	749	754	774	776	754	739	741	748	742	743	767	754	762	765	739	753	749	763	774	779	758	746	738	772	757	772	762	773	761	777	737	770	748	767	757	769	750	749	744	752	744	770	764	778	773	752	736	770	773	744	771	765	776	778	762	736	735	745	752	764	767	773	747	765	748	745	766	747	778	737	775	750	749	753	753	747	769	751	751	736	770	754	735	736	745	761	739	745	741	746	742	767	770	773	742	755	749	755	737	771	744	752	749	763	752	767	765	736	747	769	739	775	747	738	769	746	753	745	739	742	759	739	
747	768	735	750	778	740	743	739	747	743	758	776	774	752	741	779	748	768	741	741	738	764	768	740	749	766	738	772	751	753	755	763	754	770	764	760	751	770	736	738	760	752	767	778	769	746	753	770	748	738	778	743	771	779	750	750	738	742	759	771	751	774	776	760	754	752	752	761	778	744	779	746	739	772	737	738	754	756	753	745	766	738	775	744	754	764	749	743	751	741	772	764	750	758	740	736	743	763	770	754	738	769	756	759	744	776	735	762	776	773	739	766	737	736	756	752	742	762	776	739	753	758	751	759	746	764	746	752	767	753	762	768	750	778	753	772	755	766	736	758	737	768	757	775	774	771	777	747	743	765	777	737	741	762	766	738	749	765	738	744	768	772	778	770	747	776	749	763	750	748	747	770	776	736	769	763	769	775	773	779	
737	751	741	773	762	762	748	741	756	736	742	742	747	775	739	741	737	747	776	743	760	770	760	736	751	741	746	751	762	736	765	739	754	739	749	756	765	772	770	754	748	753	768	760	764	768	735	743	764	771	742	779	773	738	771	760	764	779	757	750	757	745	765	779	756	754	743	739	744	753	774	747	765	739	739	777	774	743	742	746	737	758	754	737	750	752	757	741	776	768	763	763	763	777	778	740	744	751	767	745	748	771	737	756	768	764	759	747	767	762	745	757	765	739	737	771	777	773	763	751	767	765	766	773	736	765	775	756	740	755	769	742	772	767	755	769	748	766	765	746	746	768	775	778	736	760	760	749	752	773	756	746	779	776	775	738	770	736	756	740	761	769	745	748	743	747	778	751	748	764	770	778	742	738	755	751	755	739	751	763	
757	750	779	738	750	735	751	761	778	770	751	759	749	777	759	740	766	744	776	754	771	742	737	752	766	747	740	766	749	778	738	766	775	768	749	766	763	749	748	753	737	763	776	765	744	747	735	771	751	736	738	763	769	769	772	772	737	767	765	762	751	748	768	770	761	735	753	767	770	779	773	740	748	749	742	758	747	745	775	743	776	772	750	750	765	772	778	772	738	762	744	758	757	735	778	770	748	762	735	735	779	751	763	738	764	740	765	766	779	748	767	763	744	740	735	742	755	746	779	748	779	740	741	774	740	774	772	747	765	777	747	749	739	756	770	736	773	770	755	744	752	756	762	754	761	735	764	744	748	760	755	759	745	740	775	757	764	760	761	778	748	776	754	764	749	763	750	748	769	741	769	765	756	771	752	743	767	770	746	759	
739	758	745	772	742	747	747	740	751	773	757	771	748	769	763	765	741	738	772	778	778	740	753	777	765	778	738	756	749	741	735	755	749	777	776	765	755	755	754	761	761	739	778	764	748	774	778	758	767	778	766	776	762	761	778	773	757	753	769	755	771	775	756	737	763	760	758	735	775	741	779	744	772	763	779	751	764	776	778	777	767	749	771	759	768	743	766	767	770	756	760	769	741	745	754	757	762	753	778	753	765	767	761	766	770	741	747	765	744	779	770	752	765	778	772	778	757	753	765	755	776	736	774	775	749	745	735	760	773	776	752	749	749	746	757	779	776	767	741	757	775	739	758	750	773	754	764	753	752	768	756	779	761	755	758	759	736	737	747	763	746	763	755	759	735	746	768	736	745	764	760	747	752	758	758	778	743	748	747	753	
770	743	773	773	777	770	744	755	763	768	739	739	774	753	770	753	741	744	747	775	739	744	741	753	764	740	764	742	743	762	747	736	751	735	761	737	770	748	772	773	771	758	757	735	739	753	737	776	736	748	740	747	740	777	737	735	735	740	777	771	743	778	758	743	774	737	749	768	746	744	739	764	754	743	758	743	743	746	762	739	772	747	744	767	775	766	778	754	754	747	764	759	766	749	753	763	739	749	736	767	774	742	764	746	766	755	760	753	755	747	766	753	756	751	756	748	763	740	747	736	745	748	754	764	744	738	744	736	773	737	735	758	753	743	767	750	771	754	762	757	760	753	746	779	756	757	768	750	759	753	776	776	778	748	765	777	777	761	778	761	745	766	751	749	744	755	739	755	736	738	771	763	773	769	757	746	741	753	737	747	
758	749	760	736	737	774	776	744	771	750	777	743	765	762	755	746	767	756	741	764	749	745	769	735	757	768	749	746	739	777	768	767	757	742	768	748	777	736	753	742	760	746	770	764	744	737	760	764	766	758	750	747	778	758	742	770	742	742	774	775	749	769	740	742	762	755	741	769	749	741	774	740	760	772	759	765	738	762	768	751	762	763	776	765	749	757	737	769	746	737	767	758	762	760	752	767	750	745	741	736	768	743	744	739	772	757	761	741	747	741	754	771	742	756	764	757	771	773	748	752	776	767	748	749	747	742	775	740	750	751	759	767	754	735	743	765	768	751	778	759	753	769	774	754	758	743	753	739	756	770	768	754	745	767	747	772	740	763	736	754	741	754	750	762	758	752	747	759	748	767	768	746	765	760	738	744	767	771	768	776	
755	740	769	771	748	752	774	739	763	770	752	739	762	754	752	772	767	753	777	758	773	755	738	775	769	776	741	779	753	745	772	753	764	776	747	770	754	778	749	753	767	754	765	755	765	764	752	777	743	772	755	753	739	758	741	773	757	740	743	750	769	740	747	766	748	751	749	779	753	748	735	778	775	764	750	735	740	778	742	749	756	759	757	736	745	749	742	764	779	747	770	736	767	768	739	766	740	769	751	767	756	778	735	744	743	762	753	748	739	764	769	756	766	735	763	769	755	756	761	774	751	753	745	762	766	739	758	756	770	756	775	735	773	735	778	776	761	779	749	751	754	776	740	771	736	754	755	761	768	747	744	758	758	756	771	765	740	753	753	774	735	744	762	745	757	747	753	771	762	762	771	767	779	763	773	740	758	767	740	764	
779	744	773	754	778	737	735	774	762	756	751	778	760	768	767	754	776	762	758	774	751	775	776	754	749	753	764	747	761	777	770	761	762	773	749	745	769	761	748	740	766	772	762	775	761	772	744	740	765	766	738	750	759	762	763	736	743	749	765	772	748	776	756	760	755	745	749	751	779	762	769	758	778	768	752	742	746	742	753	745	752	751	736	741	767	743	774	766	738	752	768	744	769	746	766	779	767	770	757	760	775	773	746	762	765	765	762	771	752	740	762	770	749	759	753	736	755	779	779	755	771	769	757	744	774	757	767	748	754	779	759	754	738	768	744	763	778	773	755	741	779	779	740	741	773	758	753	737	778	766	745	769	744	757	760	744	750	771	742	767	753	766	758	755	751	770	774	777	774	759	766	764	759	771	737	753	738	752	774	777	
766	745	752	778	755	766	744	775	739	735	755	741	757	761	749	745	748	735	774	760	735	753	776	739	779	764	775	779	768	737	755	739	756	773	768	750	770	749	772	736	768	755	739	751	759	771	769	745	743	768	778	738	744	770	742	773	750	753	756	741	748	764	756	740	751	740	777	744	739	735	744	754	764	768	740	746	754	764	771	744	761	737	758	736	776	742	775	766	776	751	742	777	777	774	772	771	746	753	773	779	765	746	779	770	746	753	778	745	773	739	752	755	760	770	751	736	754	746	735	772	767	773	741	778	778	757	741	760	738	762	740	759	750	762	749	769	759	767	735	762	775	769	773	745	773	778	736	775	739	778	757	758	763	746	757	762	737	761	771	769	777	772	744	777	742	744	775	774	770	744	769	739	743	738	771	764	739	777	737	768	
751	755	770	756	754	768	749	749	750	747	755	745	755	777	776	772	764	770	749	752	758	749	765	772	751	752	768	754	743	763	776	735	759	739	750	756	755	760	770	767	753	760	767	766	738	738	742	777	758	776	757	747	751	774	761	749	757	771	745	742	763	738	778	762	776	778	752	762	764	772	764	735	768	779	746	773	771	762	760	763	767	763	755	749	778	747	758	742	747	745	777	738	764	756	744	735	771	776	755	774	771	759	748	755	735	772	757	758	738	749	762	765	765	736	747	755	769	761	748	747	760	764	738	738	758	766	745	772	759	766	775	770	744	776	759	758	741	752	766	752	750	740	768	755	778	756	766	750	768	742	767	768	770	760	771	772	773	756	754	768	779	761	779	745	765	768	740	746	775	760	756	743	746	774	746	754	763	738	769	742	
746	737	736	765	753	751	742	754	748	735	760	764	779	752	773	770	752	738	764	751	748	761	773	755	748	746	769	736	752	754	739	777	740	771	753	764	757	744	759	754	777	777	751	776	770	739	765	776	759	753	763	747	757	769	772	739	772	779	739	769	762	768	765	772	767	744	740	744	751	763	771	743	764	750	759	767	750	767	775	754	757	754	754	767	770	758	777	750	762	778	748	765	755	746	779	763	753	743	771	754	767	772	774	756	749	746	743	767	746	743	744	736	737	759	735	749	774	766	750	771	742	773	748	752	778	740	753	776	740	759	767	738	767	736	765	757	753	764	774	754	740	750	751	756	759	759	760	748	751	753	752	777	768	760	775	774	769	758	755	747	737	764	776	773	741	767	748	767	772	773	736	760	767	748	746	770	750	745	773	764	
749	757	770	746	737	749	739	765	757	758	749	755	743	766	757	761	752	771	759	742	764	745	739	735	748	740	774	738	775	759	776	761	758	745	754	748	775	770	765	763	764	735	771	744	743	766	758	751	760	752	774	740	735	779	757	778	737	746	769	760	762	764	779	771	749	759	737	739	776	763	774	778	746	777	768	747	742	750	767	740	767	739	748	755	764	754	756	751	737	737	767	743	764	739	746	747	762	738	746	767	757	770	777	746	744	746	767	774	771	770	759	761	774	739	768	736	757	754	775	738	743	753	757	759	765	745	768	738	770	755	748	737	776	774	739	760	737	777	759	749	769	742	757	759	754	745	773	755	777	757	764	772	748	769	775	756	759	751	756	758	743	750	742	749	753	755	777	735	763	770	743	769	744	751	760	770	748	752	768	741	
770	746	774	770	774	750	739	775	735	773	770	759	739	746	779	736	775	747	751	768	750	736	738	752	738	777	777	770	765	745	773	774	767	754	761	775	777	742	773	746	764	736	748	761	748	747	778	751	771	776	763	753	772	755	751	763	740	759	754	739	770	769	739	741	768	735	756	760	771	771	779	752	761	749	736	779	745	755	756	768	767	764	764	748	771	742	741	751	778	735	776	749	745	768	771	753	755	753	741	751	748	755	773	760	773	756	774	767	752	744	759	759	749	750	744	750	774	758	741	743	760	758	749	736	749	774	772	752	750	766	773	764	756	776	775	738	748	766	743	775	753	774	768	756	775	774	770	769	748	741	744	777	736	750	764	777	737	750	775	750	739	757	749	737	744	779	751	773	765	748	760	775	766	779	752	772	762	766	776	765	
740	771	778	747	748	768	747	769	773	755	743	748	768	751	741	744	757	767	747	753	747	746	737	778	763	744	735	761	758	766	777	754	765	755	766	775	747	769	737	762	773	753	737	747	749	738	764	757	751	757	753	754	746	740	774	749	776	741	746	736	764	776	773	740	754	747	761	751	765	737	750	773	743	754	743	779	757	761	753	745	736	748	741	753	756	757	743	736	766	775	744	779	755	756	739	743	755	768	744	778	761	740	754	750	762	736	771	757	742	763	762	745	742	761	763	769	768	770	735	748	768	752	768	741	756	749	739	753	763	763	778	735	766	772	764	752	770	748	750	771	768	773	747	755	777	757	736	737	775	760	747	776	739	761	738	766	763	779	745	741	767	759	744	773	763	756	758	778	770	773	746	752	756	761	776	758	773	735	748	737	
766	740	775	761	736	755	764	760	756	752	768	761	779	774	747	772	771	758	746	737	743	746	755	775	771	756	768	770	758	775	737	776	755	747	772	739	751	762	776	763	742	743	770	737	769	745	736	755	762	763	768	755	742	757	755	762	761	754	755	741	768	746	755	770	764	736	772	743	741	738	762	764	740	751	765	770	775	743	744	758	764	740	771	770	744	739	735	768	751	735	750	748	737	750	753	778	764	748	757	774	742	776	765	771	753	739	750	779	756	741	746	766	735	739	763	751	758	742	750	776	737	740	775	744	749	739	756	770	774	737	776	748	776	740	779	763	767	766	742	735	739	765	778	749	773	735	742	770	777	779	747	761	736	748	742	743	776	736	759	757	776	754	744	737	759	766	746	742	776	766	741	742	773	767	753	778	742	742	770	763	
744	744	738	776	756	758	736	760	778	770	743	758	752	741	753	752	773	768	760	751	772	758	771	735	763	776	747	746	772	754	764	735	750	737	775	736	749	761	740	758	749	774	754	758	779	779	763	759	772	768	779	757	774	752	773	749	752	743	736	741	754	770	747	765	757	735	766	741	772	745	754	777	750	764	773	742	755	774	765	742	736	775	773	770	751	749	741	766	768	751	777	736	763	763	753	762	754	758	741	770	761	752	776	753	766	750	773	739	779	775	769	769	778	760	742	774	735	745	746	736	748	736	761	749	770	755	774	768	742	743	762	779	748	777	751	747	743	761	749	773	737	751	738	776	761	753	742	735	761	767	755	747	753	764	756	763	738	767	760	738	771	771	741	764	759	763	764	740	737	776	760	757	758	776	759	773	751	776	759	754	
753	748	775	756	755	736	737	735	747	765	759	768	751	756	771	770	750	744	748	764	741	742	771	748	766	767	767	762	755	751	778	759	735	773	744	765	757	774	755	767	776	752	745	759	762	740	775	766	774	753	761	767	739	754	763	743	770	772	779	738	755	777	736	760	736	743	767	744	777	746	739	769	751	750	779	753	779	756	735	758	752	756	777	767	752	774	776	736	754	778	777	747	777	735	773	773	774	766	765	739	755	771	776	749	777	759	736	736	756	757	762	753	741	774	757	743	762	750	766	743	770	777	754	768	755	738	747	758	750	775	741	767	742	754	767	747	750	770	769	739	774	737	779	763	773	755	770	735	735	738	745	759	750	759	750	741	776	740	763	774	775	777	743	770	751	752	746	761	761	768	737	777	777	743	739	753	736	752	773	739	
771	751	759	771	741	774	771	767	775	738	737	767	773	741	751	768	767	759	776	771	735	745	756	759	738	779	773	773	750	757	757	749	741	778	751	772	750	773	779	749	771	762	756	748	735	758	740	756	779	752	739	768	766	771	740	737	769	752	757	735	748	740	774	758	779	762	758	735	770	765	751	744	763	763	752	739	745	758	778	763	777	767	735	742	749	776	740	776	741	754	737	746	777	756	745	741	769	771	775	752	740	760	740	747	737	756	744	755	762	771	779	744	769	737	750	747	749	748	755	736	760	756	762	742	741	740	749	752	738	735	765	738	757	765	739	766	753	755	749	747	757	768	754	752	757	766	771	779	770	777	759	756	752	740	748	768	737	735	755	759	770	750	758	765	736	751	761	739	735	762	748	767	739	762	751	736	771	735	741	771	
763	771	767	775	767	773	740	774	766	772	773	756	755	759	771	745	738	743	776	738	760	760	745	753	766	743	774	753	742	768	742	761	750	757	773	742	762	760	746	749	750	772	741	758	739	764	742	748	773	740	773	771	773	777	769	751	736	740	756	774	777	741	744	779	779	760	756	762	735	777	736	759	740	751	742	767	744	751	775	775	753	773	767	750	762	758	748	764	770	748	759	767	750	752	768	739	776	756	767	777	774	779	751	738	745	770	772	764	743	739	739	743	776	758	754	768	738	754	743	735	776	776	776	753	735	755	772	761	754	765	756	741	745	753	759	764	767	768	760	776	747	757	770	744	755	749	737	757	764	771	778	759	762	767	749	757	764	759	765	754	740	736	759	736	752	754	768	749	745	742	766	766	742	769	763	759	779	752	772	756	
767	778	741	775	748	739	736	774	737	735	736	743	774	778	764	773	779	737	742	773	749	759	761	749	768	747	776	764	763	763	767	744	748	739	777	762	768	773	771	763	744	755	754	740	769	735	740	746	772	755	761	755	779	779	775	778	760	744	776	742	769	751	754	739	745	779	763	754	745	778	740	760	746	754	759	747	767	742	745	745	746	735	742	742	773	749	761	778	773	763	738	758	735	750	768	770	772	740	745	754	751	774	779	735	758	766	739	762	761	778	777	769	763	754	766	778	764	745	736	738	768	739	770	747	774	758	779	736	758	757	742	771	767	756	748	747	767	759	760	738	747	752	756	744	756	739	742	772	747	735	763	749	755	735	744	765	744	746	735	764	769	764	775	751	777	765	775	741	751	776	760	739	769	738	743	761	753	754	747	769	
757	769	743	776	766	749	776	761	745	748	776	750	737	745	766	777	754	771	766	741	738	754	742	769	774	764	773	775	774	764	762	764	739	751	758	767	743	762	757	742	778	779	773	738	755	769	760	740	750	753	753	735	748	762	762	761	750	739	777	757	745	738	744	748	765	753	769	768	748	750	754	742	773	761	739	774	763	774	762	765	776	762	749	772	749	770	772	742	743	773	747	739	759	748	763	774	747	767	738	756	754	755	748	750	751	757	757	753	754	775	751	777	779	753	757	736	771	748	748	754	752	740	777	752	741	743	761	777	763	739	768	740	746	755	742	770	744	764	774	760	777	741	778	759	770	760	747	747	739	762	779	745	736	758	759	765	748	751	762	777	760	756	766	749	765	739	738	779	757	741	759	769	774	751	745	758	756	751	747	760	
758	755	748	744	775	750	756	743	757	742	739	741	758	769	762	746	743	758	779	776	777	759	735	755	739	753	760	747	753	739	748	757	762	758	770	759	776	778	738	754	764	779	751	747	765	777	777	775	776	751	762	754	750	764	745	742	747	774	741	763	760	742	759	774	779	743	772	773	739	765	772	776	756	746	758	749	774	738	738	740	739	756	756	753	770	776	771	763	749	755	777	768	761	755	761	735	753	779	776	768	779	762	762	743	768	735	735	767	765	770	777	760	735	757	762	744	745	737	755	742	770	747	761	759	770	749	755	777	741	746	762	742	754	735	766	778	762	765	745	770	735	770	761	744	736	774	759	779	761	746	763	768	735	775	762	751	747	768	738	740	755	766	757	774	745	779	760	766	766	737	769	737	766	769	760	770	742	770	771	735	
764	746	779	768	755	750	764	752	736	745	747	735	757	755	745	770	756	751	747	754	753	767	778	743	759	778	742	744	763	753	751	760	771	767	775	769	764	750	778	762	748	741	763	736	757	748	752	758	741	762	776	764	762	764	737	746	763	777	761	744	753	764	745	753	775	769	740	737	762	770	737	759	737	752	774	752	761	740	756	735	759	765	776	766	770	770	777	736	752	751	745	755	748	767	735	744	760	772	774	754	778	774	779	770	765	758	736	744	749	742	738	762	775	737	775	762	746	762	777	736	740	779	779	769	775	752	769	772	772	740	751	745	752	754	770	747	742	778	767	763	771	774	761	750	742	767	768	738	743	742	771	760	764	740	735	764	752	741	737	748	777	766	750	769	747	750	768	735	736	753	746	776	774	760	763	766	763	759	744	751	
754	742	756	760	750	756	759	763	773	758	735	768	735	747	750	761	762	770	746	752	765	751	742	756	765	769	768	767	770	754	773	750	746	764	765	765	735	768	739	738	766	759	744	748	775	772	770	743	764	774	768	741	763	752	742	766	745	751	771	748	752	738	763	773	758	736	761	738	736	759	741	779	754	768	766	763	741	746	748	738	752	747	766	747	755	761	758	740	764	779	765	774	778	779	750	750	765	773	776	776	769	749	759	756	773	779	742	742	759	740	771	756	774	746	776	754	776	777	759	750	746	750	776	748	748	754	744	736	740	759	764	761	753	764	771	737	750	747	738	761	741	747	779	747	778	766	739	768	770	741	754	762	750	760	759	754	744	746	764	757	770	746	765	772	767	776	735	753	754	742	757	737	737	756	737	779	736	767	759	743	
749	743	769	772	743	735	763	757	755	764	743	750	750	760	748	747	755	769	742	755	744	749	744	750	756	765	769	766	758	758	776	753	760	774	745	765	751	754	746	751	741	748	747	760	757	748	751	771	745	742	738	778	738	774	756	747	750	761	753	738	773	747	740	778	751	754	748	779	751	766	750	735	768	748	764	761	763	742	767	752	769	763	745	760	747	761	769	768	739	748	763	774	774	735	745	756	737	778	749	756	778	763	750	767	769	739	753	777	739	777	740	773	765	769	766	771	775	763	759	777	774	755	740	765	774	753	741	753	748	764	737	768	741	742	764	741	778	754	745	742	779	771	748	745	747	740	740	746	753	769	770	754	741	770	775	772	742	766	778	747	762	745	759	776	739	771	755	749	756	776	745	739	776	739	744	735	735	776	753	751	
745	766	765	754	758	739	763	749	757	774	772	739	775	771	735	768	761	749	736	775	748	779	763	778	745	735	774	752	743	768	766	773	755	747	766	759	753	764	753	741	769	736	771	743	744	773	767	767	739	763	747	775	752	777	759	749	744	760	770	765	742	742	737	755	746	741	740	742	745	741	773	765	761	760	749	745	743	775	742	774	763	753	746	737	769	760	750	768	739	756	759	767	762	767	747	755	736	750	775	762	774	774	756	773	773	756	749	766	773	757	771	752	769	735	773	774	770	773	770	775	778	779	777	777	754	778	763	755	739	744	754	748	779	774	757	749	739	753	747	777	742	751	779	757	756	755	776	747	771	772	748	754	738	739	772	739	772	735	771	777	736	755	744	763	764	772	764	735	769	746	772	753	759	745	739	757	759	776	750	752	
746	767	750	761	769	736	763	757	737	739	743	758	769	762	743	752	757	739	769	756	743	772	740	736	746	762	740	768	760	764	765	749	756	746	776	771	749	770	770	736	758	768	738	754	740	752	771	750	758	772	772	757	741	741	759	774	736	775	771	774	752	758	777	749	760	746	769	745	779	770	741	760	771	746	778	775	742	746	764	761	778	750	746	735	767	748	765	745	735	739	744	749	772	741	760	740	752	759	744	736	741	765	776	739	775	757	767	773	761	735	757	751	745	767	750	766	746	768	768	749	776	746	778	756	738	741	763	757	742	735	756	739	737	761	760	745	741	742	778	737	770	765	736	778	763	749	736	755	774	773	743	742	746	755	764	740	739	773	778	768	768	741	753	779	755	741	744	756	779	771	742	739	753	756	746	745	746	739	741	740	
775	775	740	739	777	737	770	779	745	754	763	766	762	772	777	757	755	748	737	768	771	744	748	773	761	767	772	740	737	738	749	755	754	775	773	739	775	759	747	773	738	764	760	757	739	759	738	761	756	745	750	767	752	767	752	753	765	749	763	773	764	738	769	736	753	736	751	741	778	757	754	768	776	745	776	768	761	761	767	766	758	737	761	763	778	747	772	736	735	763	759	770	741	758	770	775	741	752	779	737	776	766	758	772	772	746	745	736	759	750	736	768	737	752	759	766	739	768	756	752	753	765	767	736	741	771	747	755	741	765	767	777	750	744	765	755	748	777	759	772	735	746	760	739	767	770	750	766	763	738	744	752	752	753	738	736	757	745	765	736	735	771	765	770	735	770	754	743	760	740	776	746	767	762	778	750	746	744	776	763	
776	753	751	748	746	771	744	740	737	738	745	776	740	747	737	755	764	751	774	740	745	758	752	756	774	752	770	760	740	743	749	735	777	766	765	770	752	766	742	754	735	764	741	736	756	774	738	778	743	738	776	743	774	755	746	746	739	764	777	745	752	745	750	765	766	762	736	757	741	762	737	758	779	752	746	741	748	746	770	736	752	742	776	766	738	735	748	776	774	764	772	767	777	761	772	764	737	777	751	769	749	739	747	778	739	756	748	756	740	763	768	775	743	758	737	768	761	772	762	779	746	744	756	738	748	773	771	746	758	746	778	752	764	755	750	779	746	746	774	735	771	752	741	751	772	772	762	764	779	743	751	770	742	743	764	744	745	771	774	754	775	737	735	751	764	745	735	751	765	757	735	738	759	737	737	763	751	774	735	764	
738	776	736	758	779	767	763	738	770	754	775	770	750	756	773	740	746	746	749	746	740	736	737	768	755	740	747	778	760	763	740	743	758	740	739	759	746	778	735	740	753	770	757	764	745	744	751	769	752	778	771	750	748	779	768	756	747	758	740	779	766	742	779	777	777	737	774	775	776	755	739	775	745	737	759	748	767	767	737	769	746	744	753	766	762	761	749	768	747	741	773	773	751	751	736	771	739	745	769	750	764	756	756	753	739	749	771	740	766	759	746	747	743	747	775	762	759	745	760	755	776	751	764	777	753	768	760	751	750	771	764	774	749	754	779	756	761	772	764	777	759	752	764	750	748	746	735	773	760	779	764	744	757	752	775	774	739	746	737	742	754	767	748	764	756	752	776	747	770	759	767	739	740	766	769	757	761	772	752	768	
744	766	738	763	757	743	747	772	776	744	748	754	754	761	740	750	758	760	776	735	764	770	771	741	778	753	746	756	747	758	757	777	777	753	745	739	746	742	771	769	775	742	738	757	735	760	771	738	755	776	738	743	746	749	756	757	736	747	773	776	742	737	745	765	746	749	737	752	768	747	752	767	755	762	739	773	774	756	735	739	747	764	735	759	774	737	760	750	744	741	741	745	762	762	773	737	754	768	738	764	759	772	761	739	759	738	742	773	758	770	751	767	736	749	752	772	775	764	757	776	760	766	761	745	756	745	760	757	738	753	752	745	763	743	744	779	758	754	753	773	779	742	773	745	760	766	776	737	763	750	740	762	774	735	752	771	765	740	756	771	750	744	747	750	768	758	742	759	770	750	762	757	763	751	764	767	746	749	741	741	
757	766	769	758	739	742	753	779	764	750	777	741	739	776	740	747	745	771	744	749	741	772	754	772	772	738	741	768	761	735	764	777	768	740	746	747	758	753	740	737	745	779	770	735	768	735	755	752	736	740	754	774	761	771	741	747	762	735	765	738	745	760	765	770	764	740	765	778	748	769	747	753	741	753	763	760	773	745	765	765	753	764	769	757	759	746	765	771	752	765	777	775	758	767	743	779	739	742	744	735	775	779	736	772	757	750	761	748	764	740	751	754	753	763	747	736	740	753	763	775	757	753	762	777	738	771	742	764	772	767	745	740	768	746	770	773	769	760	743	739	741	737	764	771	771	762	764	744	738	774	749	768	767	739	775	753	745	759	774	741	771	738	745	768	741	776	752	758	744	777	772	778	763	736	770	774	766	750	738	746	
764	766	755	746	761	755	752	745	745	737	756	757	756	766	752	751	750	769	752	777	739	772	750	743	756	747	779	739	758	756	745	760	737	776	739	768	778	774	765	743	740	749	777	741	757	759	763	764	751	766	744	776	757	778	759	752	745	739	742	761	753	754	747	750	756	765	779	770	765	750	744	776	776	755	759	773	750	755	774	771	769	767	747	740	742	761	746	738	775	758	752	736	743	779	770	774	771	762	768	769	750	759	772	758	740	775	765	774	751	746	776	752	769	751	743	737	742	741	777	768	763	764	754	745	746	778	759	778	778	741	753	735	758	771	751	739	752	757	773	739	768	746	756	775	735	766	768	739	741	763	756	769	737	750	762	766	752	735	772	738	779	775	751	758	739	744	761	768	740	747	745	757	742	770	764	742	765	777	754	750	
766	777	748	736	752	775	777	765	754	737	741	762	764	760	763	750	768	758	767	777	758	774	767	750	754	773	736	739	763	736	767	737	757	761	767	752	742	738	768	739	765	754	766	740	764	736	736	753	743	768	744	757	736	761	767	744	765	777	753	761	749	738	742	771	753	774	757	748	736	771	742	764	741	768	746	771	773	749	747	766	779	764	758	762	736	753	763	735	742	779	765	753	764	760	746	737	762	738	752	735	750	765	751	764	747	750	774	765	739	778	744	746	736	764	768	775	766	759	772	765	777	751	778	761	762	744	742	737	778	757	754	770	751	776	748	773	743	736	738	760	776	746	779	755	773	751	776	769	765	756	760	742	753	763	736	761	775	775	769	775	739	777	771	772	755	756	740	740	745	764	739	737	764	742	742	748	758	746	773	750	
763	740	765	761	738	751	762	777	770	777	774	768	769	757	762	776	767	742	767	777	751	771	737	759	776	774	738	772	766	772	756	770	775	773	772	776	745	775	763	749	758	751	772	737	755	748	767	760	745	742	753	743	771	751	768	766	738	767	750	776	760	753	758	744	767	759	761	769	748	750	735	776	740	757	772	739	768	771	737	779	738	736	745	762	763	767	772	773	777	773	759	738	768	743	742	767	765	753	739	776	768	778	763	742	769	779	754	776	770	763	756	766	771	744	746	774	744	736	743	743	762	773	766	760	757	739	774	743	746	760	771	775	743	736	751	764	758	749	745	771	777	766	742	753	753	764	772	753	766	758	737	766	755	760	737	766	776	760	750	764	747	775	744	777	753	778	746	755	776	750	749	761	764	753	763	736	757	770	753	751	
762	759	754	771	777	743	742	739	778	748	778	758	766	754	749	755	741	764	765	766	764	746	745	766	778	762	774	743	772	761	766	758	741	774	751	745	735	748	772	749	765	741	736	762	750	763	744	749	768	769	751	735	774	742	746	766	752	754	736	769	778	768	762	759	744	758	761	763	773	767	751	755	768	770	766	761	738	772	759	775	765	763	735	773	757	760	768	778	755	779	775	774	772	743	775	754	752	767	755	764	777	751	740	745	769	749	736	745	771	735	755	768	767	751	766	738	742	768	762	779	756	753	756	755	772	766	737	776	746	764	744	759	759	751	770	739	772	744	751	756	777	756	770	745	767	735	771	768	751	755	774	764	778	769	756	739	767	756	764	752	759	771	737	741	770	757	744	750	748	778	745	779	746	768	764	746	777	746	753	768	
748	739	772	779	755	739	755	764	757	768	745	778	736	754	752	776	758	766	770	777	746	779	777	769	755	774	767	767	748	749	752	752	756	778	756	741	771	765	760	740	758	776	775	735	773	775	762	767	743	764	771	755	762	775	739	749	770	740	749	767	735	739	765	766	752	776	779	765	771	737	748	750	775	755	757	764	763	766	771	745	750	741	754	775	744	777	769	755	743	736	777	755	755	761	767	760	753	738	771	738	778	735	754	739	750	748	750	758	762	749	754	748	754	741	772	760	741	758	740	767	774	746	740	771	756	740	753	735	735	740	759	774	756	737	741	769	752	735	756	743	747	738	737	742	740	747	764	758	746	736	754	760	741	749	743	776	736	739	776	756	757	779	765	759	766	770	744	741	778	776	759	772	752	771	760	754	736	758	757	762	
740	778	740	750	755	738	753	756	774	773	778	742	747	773	776	735	758	777	736	742	767	763	765	750	754	764	777	744	751	737	768	761	777	756	759	755	741	753	770	762	769	743	768	765	738	768	755	749	774	746	758	779	768	754	759	765	774	775	739	743	771	758	756	737	760	779	744	777	771	745	772	749	743	773	753	775	737	745	744	748	747	755	757	754	749	752	779	756	736	775	772	765	760	750	770	747	735	761	738	746	753	764	777	760	767	753	749	744	766	761	759	767	767	764	745	763	744	754	736	736	736	757	739	776	779	736	743	768	740	742	775	744	758	748	759	765	777	765	735	736	751	763	757	752	739	756	745	750	753	739	765	746	764	760	755	762	742	740	764	774	745	766	763	768	764	764	773	762	762	744	742	768	757	771	763	771	762	777	746	743	
761	756	752	738	746	737	753	745	760	743	772	737	748	750	739	761	746	772	735	739	779	758	745	779	764	748	775	770	770	763	768	756	737	771	737	747	767	753	740	772	763	754	761	739	762	743	775	753	741	766	764	760	752	773	761	741	771	744	763	751	762	752	746	748	767	773	748	777	772	755	735	777	747	764	764	753	779	764	741	744	740	758	741	752	763	751	774	743	760	772	743	755	741	736	779	766	750	735	750	771	760	759	763	742	771	766	771	770	779	743	763	768	760	750	735	771	752	737	777	771	763	757	746	774	760	763	745	766	777	769	763	777	765	740	743	756	766	776	753	760	757	746	759	742	762	767	745	759	738	769	764	761	768	755	757	775	752	739	751	742	756	753	745	763	777	741	765	771	743	770	753	765	749	760	768	764	752	757	775	776	
766	754	769	768	753	760	755	763	740	743	737	742	735	744	761	773	768	772	743	748	757	775	739	752	757	742	762	757	752	758	774	762	776	774	761	748	745	758	741	740	744	738	761	763	765	764	736	750	756	760	774	751	763	741	754	745	735	757	773	770	772	757	744	767	742	765	760	768	774	766	753	744	768	770	738	739	767	778	747	777	770	738	774	756	769	760	743	741	777	755	751	765	747	736	759	768	772	743	744	774	736	765	760	740	744	775	738	755	778	756	757	761	767	752	758	750	766	765	775	762	777	773	738	747	751	749	774	766	776	771	777	779	766	756	750	738	744	769	768	745	764	754	774	779	779	755	771	768	779	737	746	770	778	776	771	752	775	770	776	735	777	755	763	757	743	778	743	739	752	751	765	762	757	765	754	754	752	763	757	760	
754	740	779	740	743	755	764	760	742	776	769	745	746	778	735	752	753	750	743	770	737	778	735	745	767	743	765	737	766	762	735	757	735	737	770	739	744	762	741	746	737	737	746	764	766	753	739	770	760	736	742	741	775	744	768	739	738	777	764	746	760	751	747	774	742	739	747	764	755	766	768	745	777	773	764	770	758	774	741	758	743	773	772	762	772	742	777	771	747	779	747	738	765	763	774	764	744	748	749	761	740	750	779	772	759	750	752	755	778	742	744	736	754	745	746	750	779	754	765	766	763	775	741	758	759	746	754	739	764	774	756	747	756	761	750	738	753	778	753	775	764	742	738	774	775	773	767	765	771	740	747	765	770	770	754	768	738	747	749	754	756	761	748	779	750	778	745	753	749	773	741	738	761	757	762	773	741	749	746	778	
755	736	753	766	751	751	768	754	768	747	769	778	766	759	755	744	755	771	769	736	748	770	759	776	751	743	775	772	779	778	749	763	742	775	757	768	764	768	745	757	763	736	756	757	768	766	774	737	774	758	738	746	740	769	764	755	763	756	767	750	752	772	778	745	771	738	736	751	753	740	757	736	748	751	738	743	767	744	750	759	754	757	762	766	763	736	749	735	751	748	763	771	765	757	759	751	779	759	750	735	774	739	778	735	756	757	736	778	753	771	743	762	745	775	758	766	777	767	769	757	772	775	756	778	747	770	761	744	754	742	757	741	751	741	769	777	772	773	746	737	748	773	759	769	767	755	766	777	749	739	752	760	775	750	745	761	750	749	768	741	743	770	768	742	779	764	769	761	735	750	774	747	753	760	736	743	743	776	777	737	
767	779	742	742	779	745	766	754	741	763	768	764	757	736	766	764	761	755	748	749	736	749	748	766	749	761	759	736	748	739	755	761	735	735	761	756	759	748	744	774	770	762	744	750	772	744	771	769	773	741	752	747	746	741	746	736	761	750	778	777	745	762	760	772	778	744	740	779	777	741	775	742	774	775	751	748	752	735	743	757	749	764	748	735	748	758	754	741	748	739	765	736	776	752	766	776	777	754	767	750	764	740	774	776	763	735	739	751	748	772	772	757	739	776	769	739	751	762	748	754	762	764	742	742	767	758	768	756	749	754	762	741	772	736	768	758	762	739	779	776	735	751	736	741	741	768	757	736	735	737	745	738	752	742	772	742	740	769	763	751	750	765	768	754	774	767	772	762	747	757	772	742	746	759	735	739	747	743	777	768	
752	770	763	775	742	738	777	774	779	776	777	756	776	737	770	745	735	764	752	745	759	770	760	737	778	762	755	740	738	767	774	760	764	735	735	774	769	738	757	750	761	754	765	752	751	738	736	742	753	755	751	735	745	746	744	762	774	761	743	773	773	753	763	773	772	778	746	776	778	762	772	750	770	778	760	759	749	775	775	746	757	757	766	767	749	748	752	740	740	736	756	769	774	742	752	779	756	739	744	735	751	749	768	772	768	766	777	761	740	758	760	777	741	761	742	761	735	754	744	760	735	775	755	747	735	743	765	776	754	739	752	765	739	772	777	768	738	751	738	767	773	758	760	771	735	773	766	777	771	760	741	773	772	757	774	741	772	757	743	773	767	776	742	739	772	755	776	769	761	741	738	747	769	762	740	747	738	753	737	750	
745	744	765	742	747	737	757	753	735	764	773	745	770	770	771	738	750	745	748	779	777	756	742	741	759	756	778	758	775	742	758	776	741	757	767	741	768	737	771	736	743	762	738	741	741	741	758	743	752	756	778	769	767	764	739	752	763	774	762	776	757	777	776	776	743	759	757	744	758	758	745	740	748	771	749	778	760	753	750	758	761	766	773	756	760	758	765	778	774	767	746	753	740	747	769	771	741	776	773	772	769	764	770	771	777	751	767	744	765	755	753	772	768	761	773	777	776	763	756	754	776	745	776	749	750	745	739	772	750	760	747	760	765	766	758	775	748	760	756	738	747	777	770	758	771	767	762	775	749	769	745	757	769	762	777	745	778	759	770	760	750	771	770	768	752	765	736	739	767	752	757	751	775	750	738	763	779	742	753	750	
779	745	772	746	769	758	741	769	755	739	735	737	765	763	755	767	777	774	763	742	751	778	777	776	768	755	735	777	761	753	750	746	756	739	761	773	777	742	744	746	741	772	749	760	751	777	774	759	747	749	741	759	735	755	762	737	743	771	752	754	766	773	777	752	749	750	751	779	749	742	773	756	762	760	774	765	758	779	764	778	753	760	757	778	747	768	774	760	753	741	741	740	750	739	772	772	735	762	761	743	761	735	756	755	762	776	737	762	736	756	777	777	739	777	777	752	761	745	765	749	754	737	741	740	773	758	769	737	778	772	747	772	769	753	776	767	752	757	753	772	735	758	744	736	735	772	759	741	769	752	745	735	741	771	744	748	769	738	766	749	736	745	737	777	771	763	740	737	735	752	749	760	777	779	761	760	762	746	747	748	
763	773	766	745	761	759	752	749	752	756	776	747	747	753	759	736	764	768	777	770	775	767	759	749	755	747	747	767	776	750	763	760	749	743	756	747	761	762	735	740	773	743	766	755	771	744	757	738	747	774	770	775	741	762	771	753	737	749	777	736	751	743	775	770	740	738	771	773	737	739	757	757	735	746	765	744	743	770	745	746	778	745	773	754	778	768	750	742	769	773	771	749	736	772	757	754	779	779	771	775	744	740	748	770	766	778	755	746	750	769	779	779	753	735	738	753	776	760	771	760	776	749	771	739	744	763	743	778	739	741	770	777	753	736	750	774	776	765	765	776	746	764	743	750	743	775	752	773	742	752	761	774	750	762	765	754	751	749	749	746	744	735	758	759	756	745	746	775	736	737	757	752	741	736	777	777	741	774	746	750	
757	765	736	775	741	772	774	758	748	776	752	739	769	750	776	769	764	757	740	769	757	744	735	773	766	766	772	771	746	762	747	762	767	766	737	747	760	763	759	761	744	742	747	770	759	764	745	735	778	738	736	740	752	772	764	767	759	752	741	770	761	746	736	756	771	772	744	766	736	740	762	759	744	753	774	747	739	747	735	753	749	756	758	772	770	778	751	756	774	748	743	735	761	753	776	738	750	751	756	737	750	736	757	746	759	752	743	779	752	761	777	742	770	759	739	773	773	762	745	777	762	756	736	768	758	738	761	735	745	763	765	740	755	770	760	776	751	766	768	778	740	740	775	744	763	739	778	744	772	739	778	742	767	778	762	751	779	747	761	749	771	753	762	738	761	753	738	750	761	741	778	752	750	779	754	774	768	751	747	763	
765	742	751	776	746	754	773	735	740	766	761	758	773	772	766	745	755	742	748	735	771	742	761	762	736	765	779	773	743	769	773	766	765	738	757	755	758	738	748	769	742	763	750	778	744	756	769	753	735	751	743	771	775	768	760	743	759	774	751	766	757	773	770	748	772	738	755	755	743	778	758	747	764	760	760	745	744	763	742	778	765	742	748	764	765	761	775	763	736	746	758	740	755	747	765	772	760	776	776	743	735	742	763	753	764	735	762	743	746	771	774	776	745	750	747	775	752	779	749	767	767	737	750	763	779	740	768	758	777	770	758	764	740	776	768	758	777	740	756	771	774	752	751	776	767	775	738	762	756	757	736	745	758	739	775	744	768	740	767	752	743	746	737	748	759	753	773	762	742	756	767	763	777	766	765	769	740	763	738	777	
744	779	735	765	758	757	740	755	777	760	737	770	745	740	746	745	743	768	764	767	775	774	758	742	751	739	777	748	765	779	742	760	735	758	775	741	772	774	775	773	748	765	740	769	778	755	757	773	749	772	777	765	744	772	771	770	771	738	758	761	763	753	743	739	766	744	750	774	757	749	777	748	752	776	767	757	777	748	748	749	748	762	741	754	744	775	765	771	769	736	755	735	763	766	748	735	769	757	739	752	739	760	773	751	774	747	753	744	764	747	747	744	743	735	736	759	760	769	745	770	743	754	758	769	753	752	746	745	756	747	738	747	749	777	755	759	772	743	772	776	776	740	769	766	737	771	740	738	735	735	752	757	769	757	764	758	773	743	757	763	735	741	757	765	760	743	748	771	742	777	757	771	772	774	779	776	747	769	743	752	
773	749	738	767	761	764	779	753	742	768	773	752	761	751	779	739	747	762	753	739	766	760	768	762	768	742	761	755	745	750	750	750	737	746	745	738	778	765	759	743	752	758	746	746	753	779	756	754	741	770	762	757	751	749	779	769	752	754	777	764	751	750	748	741	745	748	767	737	742	748	748	767	747	735	776	758	778	744	765	739	764	777	738	745	776	751	758	765	770	740	756	739	760	761	752	758	751	738	771	746	742	760	739	736	763	774	761	774	749	735	738	747	769	760	761	779	742	738	741	762	762	773	766	743	767	745	736	755	738	759	775	737	768	746	773	775	735	735	779	777	748	740	773	770	740	748	763	762	772	768	771	748	754	765	760	766	743	742	752	773	764	739	748	771	746	753	762	744	749	775	762	743	735	765	770	737	749	754	735	762	
779	755	773	754	755	749	760	775	771	753	773	763	738	735	775	767	758	756	756	746	765	754	769	751	778	774	763	757	748	770	774	750	738	741	747	773	765	743	757	767	750	751	740	748	736	775	774	769	756	775	748	744	755	739	749	743	737	771	744	757	763	773	736	766	773	741	765	774	749	772	774	749	760	775	767	778	747	754	759	769	749	751	768	772	767	736	772	776	738	779	765	769	741	742	743	763	777	740	772	737	755	751	756	741	778	754	772	771	735	743	742	757	738	776	772	778	772	744	775	735	777	745	751	737	759	771	766	745	750	740	759	763	740	768	745	768	740	735	754	752	772	776	766	774	742	744	738	737	749	749	739	750	764	775	762	774	763	777	755	743	743	755	775	769	754	748	778	743	779	779	736	772	737	775	765	751	752	771	762	762	
757	759	756	760	736	761	742	775	770	759	752	737	749	766	779	739	747	770	761	745	759	764	751	773	736	760	738	775	737	764	755	763	766	748	757	743	763	772	744	764	754	771	745	771	766	763	740	745	764	755	764	765	762	777	750	751	771	742	779	743	760	773	748	766	771	774	757	744	779	768	754	739	762	764	746	773	748	777	761	766	738	759	753	758	752	752	736	779	746	777	756	775	745	764	764	757	749	768	756	743	772	776	746	762	752	775	775	774	767	778	759	749	746	752	767	741	759	739	747	737	779	751	776	759	767	742	765	743	746	757	777	776	739	773	765	744	755	747	736	777	740	747	755	769	754	779	768	756	773	746	760	739	763	771	739	744	736	768	755	762	751	771	771	738	760	762	735	739	739	739	770	766	767	751	770	746	761	761	761	775	
736	759	759	767	779	766	779	772	767	751	743	760	779	745	765	742	739	759	751	774	742	747	775	760	778	759	747	747	747	737	748	749	767	762	754	765	740	752	771	741	758	757	767	773	739	735	750	744	753	777	738	763	760	737	744	751	744	758	762	753	762	769	735	740	743	764	767	749	745	743	777	752	767	737	773	744	751	779	759	772	772	753	755	770	735	739	739	751	765	767	760	752	753	764	774	759	738	747	748	746	736	759	778	756	756	758	775	779	760	775	749	764	762	748	736	749	742	764	740	746	774	779	768	755	767	767	759	777	745	755	770	743	758	771	745	770	763	747	769	763	746	764	736	738	777	779	756	767	748	736	748	753	742	749	763	779	749	758	744	752	742	773	745	751	758	759	776	767	749	737	779	739	757	779	760	740	776	738	746	746	
766	762	747	769	775	736	778	757	747	752	742	752	735	753	772	736	772	769	776	775	769	752	779	749	738	753	767	778	778	776	775	754	772	739	762	774	757	773	754	743	746	758	740	742	753	740	763	763	771	752	766	739	762	749	746	772	753	759	766	764	775	750	743	768	778	776	744	775	753	769	751	768	778	766	760	770	757	749	768	749	736	775	760	776	777	769	766	777	775	771	742	764	777	737	742	775	766	742	765	765	756	772	776	772	777	761	735	764	760	779	740	749	745	743	758	746	775	749	768	777	768	748	742	764	751	774	746	777	746	770	743	748	761	774	749	742	753	740	745	777	757	766	772	765	772	772	778	736	752	740	776	768	762	770	742	745	762	745	746	746	763	741	761	774	738	754	745	772	768	743	776	740	773	752	740	769	775	759	764	769	
750	738	764	762	738	777	745	753	751	778	735	763	754	759	748	761	735	770	735	748	742	768	758	749	750	778	760	750	777	766	749	755	738	773	741	739	765	745	752	738	748	741	738	771	755	758	764	753	768	768	741	752	766	763	754	738	768	752	748	777	760	747	745	763	771	752	769	741	744	777	759	772	774	740	736	757	743	750	770	773	767	777	746	748	750	778	752	760	772	750	743	743	758	775	739	778	742	750	743	741	740	774	763	755	773	753	736	744	754	778	749	763	774	774	762	778	770	776	747	761	737	744	753	772	755	771	769	757	750	760	767	771	746	748	740	759	758	758	756	771	744	749	766	738	774	760	758	776	769	757	759	777	740	747	775	737	750	759	742	748	737	751	770	769	764	764	750	763	771	773	747	737	742	753	759	768	737	750	738	760	
739	745	774	758	769	750	752	764	777	753	770	759	756	766	762	778	766	757	736	756	778	748	742	735	774	779	744	737	770	761	750	745	744	772	751	744	760	771	744	767	779	754	752	748	744	767	770	735	741	775	762	743	737	735	756	759	770	778	750	744	764	743	746	760	772	743	760	749	754	750	752	748	755	759	739	775	765	738	761	736	745	748	766	740	777	761	741	757	741	745	768	736	744	758	739	766	758	769	739	746	777	750	774	748	770	742	747	737	760	766	738	770	735	767	750	752	755	765	736	739	767	760	772	739	757	769	736	755	743	777	772	748	768	750	768	739	764	763	740	735	773	751	750	770	764	762	766	748	757	776	761	773	755	747	753	739	773	766	758	740	774	738	742	748	738	759	766	750	775	751	751	750	769	747	739	762	744	739	771	757	
742	743	755	743	739	760	742	749	777	744	764	763	753	773	778	750	755	776	772	737	739	739	735	748	741	759	756	773	740	743	756	754	779	736	738	748	736	761	747	735	756	766	752	759	768	748	736	741	740	771	774	752	748	766	757	779	746	736	777	766	777	773	740	768	738	743	735	779	776	745	752	779	766	756	754	746	736	742	756	742	741	744	763	767	769	767	769	765	751	773	735	768	763	744	756	747	774	739	774	738	740	774	770	749	742	771	774	740	739	752	743	758	757	741	750	777	746	738	744	775	744	735	749	752	737	743	740	737	767	740	760	778	771	762	760	778	768	748	773	737	777	764	776	767	770	772	741	735	769	741	772	754	740	777	742	764	776	747	767	744	738	760	751	735	765	764	765	742	772	745	766	771	752	767	757	766	774	771	768	770	
741	751	777	756	749	767	747	760	740	773	752	758	738	770	767	778	775	770	778	753	738	759	777	758	736	752	742	752	778	750	770	765	762	776	778	739	740	758	776	755	742	752	746	744	766	775	760	749	746	756	777	750	762	768	738	770	762	736	750	772	771	760	755	771	764	742	754	750	739	747	775	756	747	737	755	759	760	753	774	743	779	778	739	771	741	757	735	771	746	744	749	775	759	761	751	775	743	776	763	747	770	739	778	775	768	767	751	742	757	741	779	760	764	758	757	741	738	761	778	746	776	769	772	743	743	744	738	758	761	779	772	774	765	750	744	768	763	747	777	774	739	775	761	774	764	772	775	774	744	745	764	775	755	769	771	779	740	738	743	759	765	777	754	761	765	770	753	773	745	774	753	744	736	747	767	768	750	745	761	741	
773	735	744	756	769	774	750	765	777	755	752	748	745	773	740	751	739	746	767	764	771	738	750	748	753	742	775	755	775	775	770	741	778	772	735	764	759	771	759	736	751	743	757	777	756	778	735	738	777	765	779	747	739	779	739	778	768	774	761	763	737	762	760	744	745	758	736	772	748	762	742	772	748	777	740	745	738	761	751	739	750	748	739	759	757	761	761	743	746	761	761	753	740	773	748	756	752	776	745	742	739	776	775	757	778	739	766	757	777	746	748	774	750	756	745	772	753	760	740	758	772	775	749	768	770	768	752	751	750	765	768	778	744	777	748	772	742	735	776	771	778	756	756	746	735	753	736	753	757	779	754	737	768	758	753	739	738	745	768	749	762	751	754	742	747	766	747	770	754	743	759	747	762	741	736	774	753	767	741	736	
767	778	765	742	772	745	771	742	761	751	759	745	752	753	762	756	752	750	769	754	735	741	769	755	760	766	748	755	740	758	773	764	759	776	764	754	755	769	763	736	750	742	748	749	745	750	771	770	762	768	764	779	739	754	766	778	749	737	765	743	775	753	772	757	779	740	753	775	738	778	757	751	767	740	757	737	770	766	756	765	745	737	766	751	738	753	775	779	754	747	776	778	755	761	774	765	773	742	760	765	775	756	756	750	736	741	765	757	752	773	751	747	742	777	735	763	766	771	777	737	779	771	749	751	756	764	735	741	750	778	742	777	737	752	779	772	755	738	755	771	745	773	778	755	759	765	750	738	755	759	739	777	762	747	746	739	756	774	747	740	760	774	742	765	760	736	776	761	742	768	754	747	771	759	760	742	762	735	760	777	
756	764	743	777	760	744	756	748	742	739	776	775	771	758	776	758	745	741	752	752	735	740	779	771	770	774	759	752	745	767	771	739	757	749	770	779	777	742	769	748	774	776	754	740	735	751	740	764	769	772	777	763	749	756	768	751	764	737	752	753	747	755	766	751	761	779	758	771	772	738	760	760	738	745	747	767	741	776	746	769	766	753	745	746	778	743	740	769	742	747	738	740	772	735	775	755	747	772	744	763	762	759	748	746	753	774	751	748	755	740	776	752	779	764	755	747	766	753	755	760	770	762	776	740	762	763	737	740	764	751	761	737	767	773	757	768	757	765	748	752	749	764	770	756	760	744	769	749	772	760	746	761	741	739	773	767	738	774	761	751	776	754	766	752	759	749	779	774	769	777	759	760	770	755	751	766	750	747	779	774	
735	777	763	765	764	755	746	769	745	772	738	754	767	737	757	739	754	774	772	760	741	777	764	773	775	767	741	768	763	737	744	742	757	739	771	758	760	746	779	766	756	778	739	738	759	745	767	772	767	766	756	776	776	768	776	751	777	755	742	758	758	766	763	735	760	776	770	742	776	763	770	748	759	753	778	744	773	745	762	743	778	767	773	745	766	750	776	748	749	735	776	745	735	771	770	756	745	764	740	775	750	774	769	763	773	743	752	779	744	739	744	751	748	750	759	757	761	779	735	775	771	746	776	754	759	757	777	754	759	756	762	760	746	758	754	748	770	779	744	755	776	772	777	737	745	764	752	746	742	747	740	764	736	740	741	752	745	776	755	770	750	768	748	768	749	737	771	778	771	763	746	754	765	747	753	742	757	745	747	778	
772	755	774	761	776	744	766	739	747	739	767	766	779	767	751	752	756	740	745	766	759	768	767	735	741	741	763	736	751	739	739	772	771	740	739	775	779	752	765	739	768	772	744	768	737	744	736	770	753	770	777	756	774	772	779	758	757	753	760	740	737	738	760	744	759	760	738	772	746	764	770	741	737	769	772	736	762	760	773	745	756	765	771	768	735	769	779	746	741	743	747	763	747	765	775	773	738	759	750	763	776	764	767	736	751	773	763	753	773	742	768	768	773	748	770	742	766	747	744	764	760	756	738	771	767	758	747	756	764	768	774	758	777	776	742	768	772	752	764	772	769	774	748	738	774	752	759	753	766	760	739	743	778	742	749	751	741	742	776	756	751	750	762	756	769	772	747	749	747	767	739	779	765	765	757	765	773	746	766	774	
775	736	777	740	773	742	778	742	748	756	740	765	761	754	756	742	758	735	770	772	750	744	767	750	774	750	750	755	759	776	745	743	760	774	777	763	754	776	760	758	762	773	765	774	772	777	746	777	759	770	754	744	779	752	774	770	774	738	735	764	746	754	778	743	739	753	776	770	776	779	775	737	768	750	778	778	736	755	760	743	759	740	767	760	756	765	777	777	745	760	753	776	747	766	745	764	747	736	767	775	765	740	747	751	738	771	762	744	764	755	775	775	751	760	763	757	755	752	766	737	737	749	770	746	776	739	752	752	759	760	766	753	741	765	740	769	765	743	761	761	745	735	745	756	736	773	764	779	741	762	751	750	779	770	760	750	777	748	774	744	745	737	779	768	767	735	740	737	768	773	774	745	750	755	776	761	778	741	756	741	
762	740	762	767	747	754	766	738	752	770	777	777	771	750	753	762	755	773	747	752	755	749	741	755	749	756	736	740	742	743	740	754	744	770	738	777	745	743	737	747	742	738	745	777	765	753	770	767	739	736	769	746	742	746	755	760	760	776	778	753	745	751	747	736	748	775	756	756	760	776	771	762	736	747	754	735	768	767	766	738	758	762	761	750	748	768	759	745	743	754	736	738	757	747	771	766	757	760	755	741	742	750	749	776	768	748	766	763	756	777	749	737	773	751	768	759	755	775	765	741	752	737	769	767	779	759	736	779	768	737	736	751	761	760	745	755	740	752	756	766	751	777	770	766	763	740	735	757	756	777	757	751	773	751	739	737	778	751	776	773	769	739	757	741	756	772	778	738	776	770	771	746	751	767	756	752	765	743	748	756	
739	775	766	773	774	759	752	737	754	744	746	773	751	763	739	755	775	759	740	769	747	747	770	778	749	735	777	777	777	764	757	765	768	771	742	737	758	771	740	771	759	739	752	774	768	757	742	768	754	735	751	765	745	763	753	777	742	755	740	764	759	757	743	768	758	739	765	737	779	748	759	736	777	763	738	738	767	742	774	763	738	778	759	777	770	766	763	776	738	778	735	775	756	745	750	743	739	768	773	743	740	757	775	748	764	776	759	768	762	737	739	764	737	768	737	778	758	756	738	745	776	751	758	754	748	768	739	764	770	738	758	748	740	757	742	740	778	773	737	761	749	753	755	745	771	778	762	754	754	737	744	778	737	747	771	746	741	765	746	779	751	766	745	744	759	756	765	776	740	757	756	777	763	740	773	752	765	765	749	770	
770	763	759	766	777	748	774	774	738	775	764	755	755	771	772	748	770	758	775	742	774	775	742	773	744	748	757	770	747	765	778	757	774	755	737	744	752	741	767	772	755	746	775	757	766	742	744	744	763	763	767	735	770	754	754	779	760	736	745	755	739	746	767	764	761	758	771	742	766	755	755	774	778	768	748	756	775	738	778	772	748	774	757	769	761	759	753	757	744	770	747	749	756	756	746	742	767	758	774	770	764	778	757	757	755	766	776	766	778	777	739	779	752	773	757	751	743	737	757	756	771	777	774	756	743	739	768	757	749	759	761	779	755	770	770	736	765	771	749	779	774	772	776	747	772	758	779	736	738	743	763	737	763	760	776	768	771	770	752	777	760	754	763	761	752	743	737	779	764	754	771	744	779	762	744	746	767	747	757	748	
742	779	777	776	746	755	763	747	749	742	744	737	765	776	774	752	747	746	743	757	739	773	762	767	777	745	741	755	763	774	760	756	752	747	742	768	748	770	767	777	771	741	746	759	778	777	745	744	771	770	775	758	746	748	764	738	775	772	774	769	777	754	777	777	745	741	741	775	744	777	751	768	738	776	776	768	761	742	769	744	756	775	751	755	746	746	773	735	748	739	768	749	748	771	757	772	755	775	761	763	748	767	742	738	775	766	741	738	746	758	767	770	749	766	761	739	760	755	738	773	737	749	777	754	776	763	768	755	761	754	776	757	765	755	762	739	747	768	758	769	742	737	772	777	756	756	745	770	778	743	765	770	765	751	751	754	748	760	744	748	779	754	751	760	761	750	774	769	775	738	768	758	763	745	777	745	768	753	760	752	
751	763	778	767	735	768	772	762	740	773	772	773	776	744	769	751	755	765	771	771	749	752	760	772	747	773	748	772	758	776	760	771	770	736	743	757	769	765	757	765	766	761	735	735	761	741	773	750	779	753	779	765	758	753	756	761	762	751	755	773	756	772	741	770	754	742	764	753	757	736	756	736	749	767	776	756	770	763	739	742	774	761	738	772	755	769	762	755	762	779	741	741	754	764	749	763	738	778	743	737	760	767	751	778	760	743	739	736	739	762	760	761	768	777	774	736	762	762	745	750	768	763	735	764	761	769	756	770	749	768	743	752	763	759	756	740	758	744	740	759	766	757	757	759	760	735	749	765	771	775	736	751	747	755	770	776	741	759	766	750	761	737	759	771	765	769	776	750	739	736	776	778	759	738	749	770	768	743	741	754	
735	762	738	765	751	770	740	771	750	767	749	768	768	760	750	772	741	750	738	756	744	766	771	765	778	740	768	761	766	735	738	768	760	736	765	778	767	749	753	759	751	745	750	743	760	745	738	752	760	745	739	752	767	752	773	759	775	772	765	769	736	759	768	751	779	757	761	735	756	762	755	742	742	773	755	757	757	750	735	739	749	742	771	778	753	772	775	740	779	778	749	738	755	774	753	753	746	768	758	771	741	754	740	768	759	736	770	739	773	772	775	775	772	762	767	750	757	747	768	771	753	747	758	770	770	737	755	769	754	747	763	743	749	771	773	778	737	753	762	746	776	743	774	755	768	754	778	764	775	738	748	741	759	764	764	766	763	747	761	749	769	774	752	765	773	766	764	769	770	737	744	750	761	779	775	749	767	758	762	750	
773	755	757	764	776	773	773	752	750	765	754	755	755	760	773	767	735	755	741	744	751	756	745	755	755	770	760	739	754	745	770	765	747	744	737	774	747	769	759	779	747	758	745	775	736	758	738	774	736	741	771	762	753	754	759	779	755	775	769	775	756	750	750	776	747	757	775	768	768	743	757	749	738	767	776	753	736	772	745	741	757	778	744	766	760	779	766	773	748	765	735	778	742	739	778	738	773	737	757	768	767	775	749	779	753	745	762	740	738	748	777	764	772	775	766	735	742	745	758	761	742	767	761	766	756	768	736	757	753	774	742	763	774	746	740	773	748	766	754	751	767	750	741	752	769	775	741	765	748	742	763	742	738	736	760	751	778	737	774	742	750	779	779	755	778	736	743	739	764	764	765	779	769	772	737	777	760	746	739	777	
765	764	776	742	756	759	778	765	769	775	773	777	769	766	738	748	778	769	773	747	735	778	752	765	775	765	774	764	765	764	773	766	765	755	741	736	767	737	742	749	750	739	751	778	743	769	735	760	757	760	741	747	759	770	761	750	743	735	760	775	756	772	743	736	770	759	741	754	747	740	764	754	756	741	778	737	777	736	773	751	771	753	764	760	766	752	764	770	736	771	744	764	767	739	741	758	757	754	772	763	764	778	776	745	755	737	778	772	751	778	779	738	774	748	737	762	747	776	756	736	763	776	778	746	751	743	776	747	769	767	775	754	754	777	777	739	769	767	776	746	752	744	752	772	737	748	778	754	747	752	775	749	771	748	768	753	761	776	754	758	772	741	747	741	749	777	760	740	771	736	750	745	747	771	769	742	777	761	770	745	
764	775	774	775	744	748	760	779	752	771	765	778	752	749	735	777	751	746	739	750	778	768	765	765	758	768	765	745	738	743	775	759	761	749	778	748	765	751	737	778	740	778	777	774	766	772	760	763	768	761	753	768	740	740	754	774	764	746	741	770	754	745	742	744	761	779	777	750	779	751	738	746	767	772	760	747	737	750	738	773	771	760	765	747	772	735	777	753	742	771	759	774	762	760	776	736	775	753	737	776	752	769	761	770	749	755	767	755	752	736	777	737	777	761	745	748	762	748	770	776	746	770	774	741	751	774	757	762	751	738	745	748	753	778	735	758	767	756	765	744	759	772	747	735	774	775	755	746	778	744	758	767	746	765	740	764	779	746	737	774	758	742	742	779	743	755	741	748	766	757	764	743	766	759	754	773	776	771	758	748	
779	769	752	740	735	758	741	765	736	767	740	743	741	740	770	752	739	776	773	767	753	759	773	753	779	778	753	740	737	758	771	752	753	759	753	776	761	748	752	758	743	742	739	756	739	741	746	756	772	769	762	769	769	748	756	777	776	769	737	737	755	751	758	741	756	775	779	766	770	737	774	735	759	754	742	750	756	778	779	769	747	768	746	739	774	760	736	757	771	750	741	746	766	771	752	735	756	739	737	756	743	754	750	765	745	772	759	745	764	735	776	743	765	736	751	771	761	778	774	776	777	762	743	774	768	749	743	751	765	758	773	746	760	777	743	777	767	747	760	776	763	753	767	779	765	774	774	760	749	767	767	735	753	765	754	749	741	772	773	761	761	758	743	768	762	754	756	754	761	774	779	735	759	766	749	745	746	748	760	746	
775	770	771	762	742	748	743	750	758	778	747	745	741	735	738	741	775	752	756	746	756	739	747	768	773	761	762	763	766	757	763	738	755	758	770	766	764	772	746	772	765	775	744	761	741	778	767	752	778	736	735	770	769	750	737	741	759	763	736	778	761	742	746	749	744	767	779	777	750	769	760	760	743	771	773	740	742	759	744	767	777	771	769	759	779	772	761	747	756	776	776	775	772	744	738	751	772	777	766	746	765	763	768	765	737	779	774	747	758	770	756	763	777	742	738	773	775	777	769	741	774	736	765	749	741	776	742	745	750	770	776	746	746	766	767	758	776	744	750	772	778	752	764	760	769	741	756	736	749	752	735	739	739	764	777	747	767	750	746	771	769	751	737	759	744	758	742	777	759	751	745	771	735	741	769	743	768	760	771	742	
755	744	778	775	770	745	755	757	765	757	759	759	745	744	765	750	776	750	775	740	759	761	745	735	771	761	748	778	735	749	746	760	765	750	742	735	776	747	754	764	764	758	739	768	743	735	751	760	763	742	757	735	747	738	737	762	778	772	769	742	735	771	755	768	770	760	773	774	746	777	748	764	740	768	745	748	758	767	743	771	745	750	767	743	746	761	744	746	740	737	761	779	749	779	745	749	763	760	756	749	747	769	737	765	763	778	752	766	736	770	762	779	750	752	742	748	755	761	750	773	766	763	779	759	779	776	742	768	767	765	770	738	751	765	752	739	779	771	739	741	747	751	742	746	740	747	745	752	752	758	754	748	737	758	765	750	765	768	741	736	768	759	765	750	775	741	753	737	760	757	758	779	735	765	737	761	774	740	764	749	
765	737	770	753	772	747	754	753	776	747	761	770	744	761	764	754	777	736	767	741	735	769	736	779	741	751	752	772	778	762	765	739	764	746	746	743	755	738	756	776	779	740	741	772	738	749	761	763	764	739	738	743	754	746	743	748	754	754	755	744	770	736	770	760	775	752	774	769	774	767	760	756	744	763	766	771	775	778	746	745	758	751	775	739	761	779	779	778	738	775	748	770	746	763	735	765	750	746	776	761	760	738	761	762	774	756	743	764	751	737	750	736	765	745	775	756	747	760	776	778	762	761	771	760	756	747	765	758	779	772	768	746	776	765	773	756	750	769	745	767	746	774	771	759	758	768	775	757	768	736	742	745	737	772	774	771	764	736	735	742	755	748	768	745	742	738	757	739	756	753	772	764	767	753	739	751	779	751	753	771	
738	760	748	773	772	759	738	740	753	758	750	760	744	779	750	742	779	760	759	769	765	745	765	753	776	745	751	763	741	775	751	766	751	759	764	774	737	754	772	743	771	751	747	749	737	761	766	776	743	762	737	777	767	757	751	777	755	769	747	755	771	754	775	772	773	746	751	738	749	773	737	750	744	768	768	744	769	749	739	768	768	759	775	739	742	755	768	754	762	768	737	748	771	746	765	735	767	751	752	756	767	746	770	768	774	776	779	773	763	777	774	776	761	763	762	755	746	769	779	761	753	761	777	764	766	743	774	758	738	767	763	753	752	745	745	756	770	772	761	750	737	761	736	745	747	764	767	743	756	764	774	764	754	776	762	767	762	759	756	748	772	772	742	741	772	758	743	751	757	761	770	736	746	760	767	750	755	778	756	744	
749	746	759	757	752	767	735	767	746	769	776	758	760	775	736	764	739	738	779	753	745	759	738	747	738	749	736	779	754	767	761	743	758	743	779	735	762	755	739	772	770	764	737	769	761	743	744	749	775	750	777	763	750	754	740	745	735	743	741	756	760	754	777	756	770	777	735	757	737	774	750	759	760	770	754	764	746	748	762	769	738	754	741	760	777	754	756	767	764	754	759	740	736	749	739	753	759	771	763	763	769	767	745	741	740	761	774	751	774	766	774	752	746	775	763	767	754	778	749	775	753	756	756	742	740	770	748	767	771	772	756	761	745	754	764	752	776	763	738	753	773	752	748	760	736	759	742	772	737	771	757	762	750	759	742	741	735	740	756	744	757	758	741	776	777	768	746	766	768	765	766	761	763	766	778	759	755	743	756	759	
766	741	735	753	769	752	779	749	739	766	744	760	762	761	755	751	765	777	759	760	740	745	735	759	752	748	754	772	761	761	735	749	735	743	764	767	767	767	774	755	777	756	757	744	754	745	765	762	737	736	768	741	773	738	743	778	771	771	736	740	751	778	740	776	754	749	770	762	752	771	763	759	757	764	737	749	757	765	778	744	744	748	759	760	754	762	759	746	740	769	777	761	741	768	779	773	744	735	742	760	764	744	739	765	756	748	763	778	777	740	736	762	739	774	746	744	769	756	747	755	735	772	747	756	753	735	745	748	759	765	777	748	774	738	760	741	739	751	777	775	751	757	760	754	756	779	766	752	775	763	774	745	766	752	753	775	750	755	776	763	751	762	763	737	764	745	767	762	775	778	779	766	749	760	741	749	773	755	740	771	
742	761	742	746	763	761	743	763	763	763	754	764	758	774	744	766	776	744	756	740	752	753	737	740	760	758	738	758	742	766	768	735	763	754	763	738	771	774	766	771	762	764	757	743	762	767	770	754	754	778	743	766	767	768	741	778	769	754	761	747	748	769	740	756	746	735	747	758	760	735	751	743	740	755	738	759	737	743	752	774	774	775	759	737	750	745	762	746	759	759	748	746	754	760	779	741	768	761	746	757	751	750	745	742	736	747	767	765	735	774	765	746	771	754	777	759	757	739	744	761	750	756	762	778	762	762	772	769	750	740	779	752	776	745	762	755	756	748	741	778	748	774	766	767	760	747	760	765	759	762	760	773	751	735	765	765	750	772	736	774	735	754	772	756	775	771	749	750	745	740	747	754	736	754	754	771	752	759	778	762	
761	758	755	735	744	742	746	748	752	753	770	771	772	750	742	768	774	743	772	752	746	737	737	746	757	738	755	753	768	744	744	777	748	763	748	763	743	778	778	765	744	773	772	770	737	746	776	770	744	758	759	774	767	739	776	738	752	767	767	747	757	769	752	763	738	775	761	746	735	742	739	738	778	735	735	762	754	759	767	754	742	738	741	736	776	775	778	741	746	758	741	756	763	776	779	743	775	773	768	764	743	735	754	756	737	751	779	759	755	774	779	778	751	765	751	751	757	742	772	777	766	759	752	775	741	743	741	758	753	747	741	772	756	774	771	744	736	772	753	744	748	736	755	736	748	762	763	758	736	762	743	777	773	752	753	749	740	761	763	751	750	750	779	772	772	773	738	750	764	748	741	753	736	763	762	764	774	770	746	744	
768	758	778	737	743	766	737	770	774	774	757	753	775	777	775	774	773	737	750	764	779	761	749	769	766	765	764	774	744	755	763	737	778	745	745	764	742	760	766	747	753	776	751	761	773	776	772	735	761	735	772	744	776	746	747	746	759	742	759	751	762	777	739	776	755	759	764	769	736	758	739	775	745	771	761	739	735	754	769	777	766	773	778	754	769	742	756	743	770	751	769	735	761	746	746	778	768	738	770	752	752	736	744	760	750	749	769	776	745	763	756	774	738	753	745	751	759	756	762	772	738	766	767	747	763	755	756	735	764	773	762	759	751	742	752	774	761	764	738	751	753	776	752	754	753	755	744	745	778	766	774	746	752	759	746	761	744	739	771	747	776	777	750	750	762	757	754	748	744	752	773	762	739	744	744	770	772	749	747	748	
752	740	760	757	746	766	751	768	743	769	771	750	763	779	752	777	755	752	768	772	749	756	775	765	760	735	766	738	769	739	749	769	735	738	760	739	741	771	756	765	760	745	774	758	761	766	775	747	737	736	772	748	775	761	772	742	761	764	749	750	758	767	759	738	741	737	760	761	741	755	770	741	745	739	752	750	749	741	771	778	746	779	764	765	773	756	773	772	743	752	743	759	740	752	766	752	758	766	775	759	769	750	765	751	736	757	753	775	745	738	747	737	736	750	769	772	752	760	738	752	777	774	741	740	754	766	770	758	754	747	778	765	736	740	776	739	753	753	735	769	745	742	738	776	756	739	779	762	769	754	775	749	775	745	777	776	770	749	774	750	763	776	774	769	736	766	749	753	737	776	740	768	746	746	756	771	779	779	755	743	
744	759	765	769	743	735	757	761	772	751	765	771	736	735	771	777	775	770	742	761	735	762	774	771	739	767	751	738	740	768	745	746	747	736	762	738	757	744	762	757	770	771	737	744	742	755	757	741	750	756	756	766	741	750	740	764	760	762	743	735	744	771	736	735	758	778	762	735	762	766	741	774	738	740	767	737	738	744	760	740	748	744	776	760	746	737	746	766	775	756	756	738	761	767	759	741	735	761	754	738	768	771	766	769	737	774	736	758	775	745	745	746	762	778	754	753	761	750	735	775	769	755	743	756	769	779	755	736	765	773	746	750	777	766	739	751	762	767	753	762	768	767	758	766	761	774	754	760	757	742	773	756	779	741	744	764	764	743	741	737	776	748	773	752	757	756	743	735	779	742	741	738	755	736	767	771	752	750	760	739	
755	737	753	776	749	739	778	740	739	735	771	753	745	741	755	758	757	776	755	773	772	756	759	768	735	741	765	758	764	757	754	736	761	756	740	743	777	758	761	767	765	735	756	779	756	773	750	746	764	773	759	754	763	737	735	736	749	767	773	750	766	737	752	772	776	753	773	743	738	747	778	736	758	752	741	758	769	758	757	741	767	768	768	754	763	777	745	743	775	758	748	758	772	738	777	769	764	759	760	772	744	738	766	755	740	773	760	776	765	765	749	772	751	760	738	743	778	766	752	749	747	777	750	767	735	764	748	759	772	758	746	748	757	759	772	769	755	771	750	763	765	745	744	745	776	773	755	741	746	756	761	745	736	752	742	772	755	752	742	772	759	775	748	753	751	746	754	740	744	759	737	772	740	761	744	772	750	762	742	760	
744	779	774	739	768	761	774	754	756	766	779	756	747	771	778	742	748	747	759	745	735	765	775	744	739	743	749	763	741	768	763	759	768	736	772	757	736	754	764	757	779	757	744	755	779	766	778	763	743	778	752	771	750	735	763	764	771	758	735	756	741	749	751	761	758	764	749	746	737	735	752	758	766	743	754	743	759	772	767	778	751	746	740	763	778	766	766	745	764	766	753	740	766	769	758	739	779	745	750	735	735	777	740	735	740	778	739	736	759	751	767	757	746	764	778	743	773	778	778	754	770	756	741	738	764	755	762	772	768	738	758	775	752	773	736	748	749	778	744	737	777	765	743	777	758	735	754	770	766	748	757	760	769	735	758	755	740	753	765	761	737	747	768	744	741	742	755	738	749	752	739	751	769	762	736	735	750	768	752	772	
754	759	752	751	767	736	767	752	745	750	763	771	745	735	740	779	778	741	774	756	739	741	736	750	760	737	745	748	736	744	738	779	779	775	770	752	749	769	750	742	772	773	752	750	767	764	740	774	735	763	744	745	754	763	748	757	755	748	768	777	742	764	741	740	755	747	748	774	744	740	739	774	769	748	749	778	779	775	771	770	753	744	768	741	762	757	741	768	756	776	752	773	774	744	749	751	774	743	742	743	742	750	764	776	760	753	775	767	753	767	759	772	741	777	740	758	742	742	744	756	743	761	737	749	778	762	743	755	747	768	777	767	754	753	767	763	774	773	739	761	739	753	769	753	751	774	777	760	768	756	750	756	755	741	770	775	775	779	738	768	739	758	752	748	769	770	742	739	746	736	764	771	735	744	760	759	765	770	741	766	
751	743	772	767	747	747	770	764	767	751	754	766	739	754	775	750	747	749	751	777	758	747	736	735	755	741	775	766	760	777	736	759	766	779	762	773	745	758	752	753	757	738	735	743	743	777	757	757	776	754	770	760	744	749	746	775	754	739	748	764	737	738	754	776	739	756	770	753	769	740	763	779	753	777	777	753	772	758	759	759	737	757	754	745	777	775	743	771	745	766	769	754	762	774	741	754	779	751	748	762	752	758	747	776	741	779	778	760	762	739	757	754	740	761	753	763	760	741	745	747	775	744	737	745	774	779	758	769	740	778	741	747	759	774	770	771	768	763	744	748	779	759	750	748	770	778	763	751	750	774	745	774	750	755	752	748	741	777	763	774	769	744	741	747	762	756	740	742	773	745	754	741	735	752	748	738	764	752	767	761	
778	755	747	738	742	746	759	769	770	739	761	767	769	754	745	757	742	768	737	763	774	769	763	774	765	739	738	738	742	738	774	776	773	743	756	770	763	738	741	765	772	770	747	768	777	770	741	779	740	776	757	760	777	740	736	775	759	746	753	742	762	763	742	747	779	776	743	768	767	753	763	743	748	778	737	755	738	751	779	737	756	745	751	762	742	760	745	753	737	765	771	754	767	755	752	757	778	747	767	737	759	777	753	754	778	750	765	735	766	759	766	765	736	759	743	757	743	767	769	743	748	770	778	742	740	763	741	774	772	748	761	762	770	776	770	735	746	754	743	754	743	744	776	771	739	738	761	746	767	762	737	766	760	741	775	746	761	742	779	753	779	739	739	740	757	738	764	774	737	761	776	742	740	759	770	775	771	778	774	776	
753	772	754	742	765	769	749	738	752	735	743	741	761	774	738	777	756	759	772	736	770	767	735	765	755	738	772	749	762	763	778	743	759	766	755	736	753	775	754	744	774	744	741	738	773	755	762	748	737	769	759	739	765	761	736	735	761	741	763	763	758	738	762	745	749	764	772	762	751	772	748	754	739	750	771	745	753	772	743	746	775	754	748	777	735	770	770	737	754	760	749	756	777	750	758	757	777	764	754	753	748	739	775	756	763	748	768	775	770	777	755	747	746	760	778	764	767	757	741	741	746	765	770	757	740	740	747	738	742	764	757	758	752	742	779	753	747	755	765	745	756	772	765	764	749	746	748	774	736	769	765	766	745	768	735	742	763	756	743	778	743	764	743	763	776	742	753	748	737	756	764	751	779	750	745	742	778	775	777	766	
737	763	741	746	745	749	774	736	778	753	774	757	775	765	748	775	740	768	741	762	764	774	775	777	745	746	757	759	736	749	759	750	751	752	748	772	747	755	770	777	746	763	741	773	763	744	742	751	745	776	756	747	747	741	764	745	753	741	764	744	779	754	735	755	747	762	751	735	750	761	742	764	752	750	772	773	741	739	756	769	760	777	774	771	779	778	735	779	749	758	755	744	739	751	763	754	765	779	765	775	753	737	743	737	757	737	754	746	779	742	758	742	741	746	771	736	768	735	740	749	761	766	779	766	757	748	773	750	764	746	763	763	755	779	737	755	755	744	746	761	778	747	762	750	772	738	739	763	778	766	739	744	757	755	747	741	769	773	752	754	770	762	735	773	762	758	757	760	763	737	747	768	769	757	762	753	771	765	764	744	
767	763	775	753	772	774	769	777	755	770	775	745	758	767	775	758	766	751	737	765	769	735	766	779	773	759	749	753	779	749	740	750	761	761	761	739	744	760	772	757	774	766	768	738	768	735	767	735	772	744	759	763	750	758	769	756	759	775	776	766	779	738	742	770	775	738	747	767	774	756	739	748	764	767	753	737	758	771	761	737	737	741	737	737	757	768	768	745	774	762	763	738	752	755	753	766	745	746	758	751	747	742	756	775	750	769	756	756	770	740	766	745	741	741	773	757	761	748	745	744	756	766	764	765	761	743	763	768	769	777	739	778	737	773	755	762	773	736	736	770	772	753	744	764	737	773	774	740	753	749	748	761	735	738	767	745	757	758	742	769	750	767	753	769	746	774	779	738	778	741	751	753	755	762	752	769	774	763	775	751	
737	746	772	769	775	755	752	764	759	767	774	776	747	759	735	767	768	743	769	739	750	750	767	755	748	740	772	761	736	750	767	739	761	770	753	779	773	767	745	736	775	771	749	765	736	776	745	776	737	740	735	779	741	778	765	776	735	763	769	744	753	752	739	755	736	774	752	770	760	766	768	774	770	737	767	754	775	747	743	769	752	771	751	770	779	749	763	753	746	753	769	776	768	771	752	773	763	748	745	775	758	747	754	762	775	742	761	735	766	737	742	747	747	761	779	768	741	772	759	739	768	765	745	772	770	756	752	770	778	737	743	762	775	773	765	767	760	768	768	777	767	743	744	773	746	759	760	750	768	741	763	753	746	760	755	750	752	765	767	745	752	755	776	772	762	761	766	745	755	742	765	744	746	757	755	774	742	736	759	742	
740	746	774	740	743	741	761	736	779	759	748	776	777	753	773	754	775	773	767	743	776	776	757	779	778	764	779	768	757	778	750	760	751	770	739	771	737	761	776	736	765	754	750	773	768	772	748	760	769	740	772	750	755	770	776	772	761	764	755	778	778	760	735	762	744	753	752	754	774	757	752	739	739	772	744	768	769	766	778	746	775	735	738	774	772	752	743	736	773	768	753	735	768	770	748	764	754	765	756	779	755	778	749	767	758	741	748	773	756	776	769	772	738	750	774	763	774	774	774	770	763	752	751	769	772	742	772	739	754	761	778	757	762	776	740	756	741	745	771	776	737	776	736	766	754	767	752	754	746	756	736	774	746	771	744	771	759	768	770	738	739	759	750	746	740	771	739	760	747	736	759	765	759	740	746	767	759	740	778	756	
762	752	744	736	752	753	774	738	747	775	759	740	747	768	761	752	758	746	764	750	737	740	776	764	761	772	769	745	745	776	743	739	756	752	743	776	741	776	754	745	765	760	768	756	735	744	775	763	750	745	743	779	768	740	776	764	770	764	735	762	737	767	739	747	767	757	735	751	753	738	763	742	749	773	761	753	779	739	776	754	738	777	766	749	767	765	740	774	758	754	758	771	754	759	736	744	773	755	748	737	738	772	748	737	754	741	766	765	736	743	766	738	745	738	749	737	776	745	778	768	768	769	778	749	770	751	751	736	745	735	756	778	776	774	754	770	769	766	763	770	745	753	772	748	779	753	772	738	741	756	764	755	761	761	778	752	742	747	775	779	759	755	736	739	768	743	751	768	740	766	755	774	761	760	775	739	744	765	765	736	
735	746	759	774	740	744	778	776	742	773	764	771	771	763	740	745	747	771	747	751	739	750	767	759	746	739	761	763	744	771	747	743	771	753	756	739	754	735	737	760	765	749	741	779	765	755	740	777	750	754	754	747	772	775	765	738	745	766	742	779	744	760	754	776	776	741	753	746	735	749	770	762	773	750	774	736	762	764	759	771	753	753	777	777	752	776	746	761	769	779	779	748	767	737	760	759	749	776	752	768	745	765	765	750	739	778	779	738	752	743	766	738	753	769	767	750	767	767	739	763	754	768	767	756	749	746	778	779	779	750	741	767	757	758	763	756	742	758	745	774	766	778	776	738	761	737	776	777	768	779	775	737	760	775	735	757	753	738	766	776	747	743	740	757	760	778	761	777	735	767	776	754	779	777	746	747	763	774	745	756	
776	751	758	779	754	774	767	778	750	747	747	744	765	763	745	755	745	772	739	771	747	746	749	748	756	754	771	743	771	745	739	745	757	764	745	752	754	735	750	755	774	749	756	744	753	736	779	770	738	745	763	742	749	770	763	762	745	738	746	757	741	754	745	778	746	776	763	751	770	751	739	753	775	756	757	763	743	775	763	760	779	757	736	746	770	757	760	759	740	772	744	744	777	743	776	750	743	767	764	745	776	778	738	756	765	758	764	776	741	736	741	767	772	761	775	760	768	768	747	769	735	759	773	752	742	772	772	737	738	748	741	740	735	758	758	753	742	764	777	754	771	744	758	778	767	746	751	743	735	770	753	756	766	755	735	774	765	757	773	760	749	754	741	748	759	766	773	739	767	772	736	773	744	746	761	744	747	764	752	754	
772	759	738	764	742	735	756	767	744	745	739	753	757	740	777	757	755	775	773	745	779	742	760	737	754	742	766	753	744	767	779	738	763	763	735	744	762	750	769	759	763	767	760	760	762	744	749	772	742	766	774	777	771	746	748	751	768	765	747	767	754	757	738	775	759	741	741	736	773	758	771	737	752	758	735	759	779	769	760	754	775	756	766	758	775	749	758	753	756	748	759	740	756	743	749	763	762	776	765	766	745	735	744	743	773	736	736	759	737	767	740	765	773	764	749	776	755	743	757	763	745	769	751	772	770	768	779	776	749	756	761	757	740	768	776	739	738	763	759	765	765	756	773	747	745	767	774	774	755	772	779	743	760	760	738	769	748	741	735	748	744	748	738	757	747	737	748	739	764	768	741	755	755	773	755	754	740	742	777	772	
742	744	737	738	749	735	759	774	747	762	774	745	775	755	744	751	749	761	766	749	744	746	769	779	742	748	760	756	760	766	742	737	769	755	757	748	760	742	744	738	749	740	755	768	755	738	741	738	739	745	743	754	759	746	774	760	747	735	760	737	737	739	770	755	775	763	748	735	752	779	753	735	762	758	745	737	764	768	754	762	778	745	773	749	775	773	736	746	757	775	762	755	771	765	735	759	759	776	758	764	747	739	764	778	774	755	755	754	753	759	735	748	762	745	778	753	759	742	763	745	762	758	745	752	768	756	779	759	764	765	743	763	742	770	759	774	749	735	748	765	756	744	736	753	757	748	745	744	753	745	778	756	767	765	758	753	744	768	747	774	757	754	765	762	739	763	779	743	768	754	770	756	756	777	773	767	738	754	755	751	
761	776	775	738	770	754	742	760	747	767	772	753	773	767	761	737	763	768	758	767	771	769	761	753	759	738	756	777	745	775	764	760	761	755	767	737	773	748	738	746	767	777	741	757	756	774	746	749	759	749	747	771	775	757	767	767	743	772	735	740	770	763	755	752	739	737	754	773	774	748	736	738	741	765	735	775	740	759	754	777	775	755	738	759	775	759	767	735	741	751	779	757	739	749	760	777	756	750	754	744	736	736	738	766	745	765	766	745	735	770	749	760	756	742	768	753	765	745	775	738	755	762	759	773	757	762	746	768	778	775	738	746	763	736	739	747	770	756	745	743	770	761	751	758	745	749	777	755	777	752	769	772	749	753	759	755	745	770	775	767	751	775	760	761	776	745	772	742	737	740	765	754	749	760	741	776	771	737	750	773	
