120
180
488	507	478	512	525	509	483	515	475	472	470	503	494	483	476	473	475	519	504	470	487	517	487	493	512	505	479	469	472	495	508	484	491	498	486	504	494	514	484	512	505	471	492	489	504	473	486	508	487	469	520	480	513	491	493	518	495	497	512	491	477	505	480	517	474	509	524	492	514	488	517	520	491	471	523	485	503	483	498	481	487	481	470	514	487	478	486	496	489	506	505	514	499	471	501	481	491	506	516	477	494	517	520	479	469	513	469	496	476	476	486	523	508	511	476	525	483	506	506	473	474	489	501	504	475	517	490	487	483	493	469	474	521	469	497	516	502	496	471	475	506	471	499	525	488	508	525	502	470	480	520	483	495	525	498	482	475	494	493	490	504	519	513	472	485	523	516	517	518	484	506	480	483	482	524	521	489	485	480	495	
480	470	515	493	486	484	513	506	523	517	520	498	479	486	512	482	481	474	484	514	474	492	476	487	489	493	502	501	501	497	497	506	509	518	498	502	469	480	499	504	495	498	478	483	499	501	482	488	519	494	491	476	501	517	504	482	513	522	484	513	519	500	483	481	512	518	474	481	511	478	491	489	476	502	484	507	494	522	475	487	470	520	493	487	503	485	508	501	506	471	497	492	473	520	507	509	484	482	476	524	478	470	524	479	521	473	478	482	525	485	500	479	512	522	511	505	477	511	475	469	519	510	472	482	515	494	493	493	523	511	501	525	525	495	518	509	479	506	520	490	517	488	499	514	522	503	484	518	518	524	515	499	514	505	517	510	510	507	482	485	521	519	489	493	519	495	515	474	492	511	483	521	523	507	500	485	488	495	492	524	
500	501	518	523	512	515	517	484	484	487	506	521	488	516	478	472	484	471	505	484	497	490	482	505	514	479	481	506	521	519	490	480	514	503	507	508	474	498	523	525	506	496	495	474	508	502	488	482	524	490	487	485	495	515	492	494	507	498	520	480	493	499	485	509	515	487	485	500	474	495	471	499	523	519	473	495	517	503	521	495	482	523	524	502	482	473	469	517	525	479	516	494	507	499	493	524	505	496	511	473	515	481	484	485	469	470	471	497	481	474	498	513	523	480	503	511	501	470	520	481	491	517	524	495	516	511	479	495	496	471	522	518	511	515	520	496	489	470	481	501	484	474	520	474	498	500	518	494	492	500	473	506	485	509	492	484	505	471	472	479	476	489	507	524	485	502	508	514	481	497	500	506	515	518	499	524	510	471	493	481	
485	493	515	497	473	483	485	480	471	477	501	520	471	503	471	506	473	470	497	508	480	498	478	484	507	509	469	505	495	469	487	489	477	517	506	479	521	514	504	508	509	518	474	487	469	512	510	478	492	489	486	473	489	473	493	488	521	520	496	514	503	478	506	523	511	487	504	523	522	502	499	490	485	475	492	516	519	480	492	514	524	472	511	520	478	509	515	520	486	522	493	511	472	476	483	474	519	519	477	493	514	503	500	488	493	490	500	525	479	519	517	482	504	495	491	497	521	481	502	508	477	488	483	491	497	474	475	519	469	501	508	493	525	496	502	512	519	477	503	490	517	510	522	508	490	479	507	497	473	482	524	470	493	481	487	480	521	482	493	522	491	478	487	495	492	483	518	477	492	498	493	486	521	490	478	517	494	505	484	519	
508	511	484	475	507	512	494	514	479	470	525	502	489	510	486	498	514	480	486	472	516	475	490	481	482	524	477	483	523	506	479	470	482	504	524	509	511	514	475	522	510	505	519	511	494	493	514	521	472	495	471	518	502	504	486	490	494	498	486	501	469	507	487	473	523	523	473	482	488	515	521	491	505	490	506	524	477	480	480	500	495	477	469	500	485	496	503	487	501	479	475	506	490	513	497	514	517	470	491	475	485	478	520	520	523	480	494	480	473	481	484	500	523	471	510	493	509	516	524	481	495	507	485	516	508	522	516	496	499	480	517	498	469	476	486	487	512	480	503	511	519	477	479	498	473	482	504	494	481	469	481	477	482	516	495	503	490	512	481	495	524	491	512	506	469	473	514	487	490	497	478	487	469	509	479	506	523	500	492	470	
507	482	494	494	472	484	482	525	513	478	512	487	473	507	494	493	522	494	481	495	469	504	480	515	499	474	483	509	525	510	497	488	489	471	469	508	469	518	496	484	503	471	520	488	501	475	522	492	518	499	522	497	484	494	476	477	501	486	510	469	480	487	523	489	506	494	516	520	473	518	515	495	509	501	492	522	487	487	478	488	518	510	516	521	492	489	495	487	485	498	477	485	489	497	477	480	518	515	521	480	479	496	483	471	509	490	474	479	497	475	495	471	521	522	507	500	487	520	482	483	483	514	488	495	484	504	474	491	509	524	514	508	505	492	523	500	481	506	493	518	506	472	510	481	522	504	473	498	475	472	481	510	494	521	484	517	490	470	507	474	510	479	472	509	482	483	492	509	514	484	509	479	482	495	473	489	504	512	474	478	
471	497	500	475	517	485	484	486	524	499	524	525	484	513	517	502	502	500	505	522	511	472	480	515	521	483	508	496	473	494	470	487	518	493	489	485	499	513	496	504	485	502	499	514	485	490	475	519	478	517	496	475	488	507	476	507	505	519	504	485	516	479	476	494	499	496	473	483	471	502	481	469	488	489	496	521	506	484	488	522	478	479	494	485	511	509	470	486	517	480	523	503	518	508	475	510	500	511	478	497	522	498	499	498	523	501	514	498	498	515	518	490	489	514	523	471	499	514	476	474	486	512	485	502	484	515	489	478	502	517	470	494	474	504	519	497	509	515	478	487	497	496	487	498	483	490	486	472	514	508	512	470	474	502	476	499	472	508	489	506	514	522	491	480	485	492	515	510	503	484	518	474	486	477	512	510	480	475	524	485	
506	494	479	479	510	490	472	472	511	501	502	523	483	471	475	524	500	482	472	514	518	478	476	525	499	525	516	521	488	511	492	474	522	509	496	474	522	507	493	475	495	512	496	523	473	490	524	499	495	476	510	509	505	491	481	483	486	509	501	487	492	492	522	475	502	516	480	483	473	505	492	481	473	485	499	473	491	502	520	482	509	505	475	494	521	471	507	520	509	522	501	494	493	521	504	523	500	502	497	512	504	481	494	488	510	510	485	484	478	502	521	491	521	509	518	517	514	525	512	490	502	481	487	521	493	489	504	509	472	508	477	486	482	512	472	510	495	516	504	491	491	525	484	498	504	470	474	497	505	493	516	504	522	520	475	523	504	484	512	482	491	486	488	488	472	497	497	504	487	509	495	489	479	497	481	474	508	472	519	471	
493	493	500	482	520	523	489	479	474	490	481	486	482	487	475	472	493	520	512	478	521	512	502	490	494	506	496	507	518	493	476	521	503	484	513	469	505	504	495	481	503	499	483	471	472	524	519	509	496	482	485	516	490	469	508	469	507	508	513	498	490	509	485	474	487	485	499	497	524	501	483	474	497	486	506	478	489	514	525	494	518	494	496	495	472	516	487	486	485	518	519	508	480	479	517	479	492	511	495	509	510	518	509	474	490	479	485	489	485	490	522	512	498	515	515	498	485	489	500	482	488	487	496	511	479	507	500	524	515	523	470	475	514	516	515	513	476	524	474	476	492	491	493	473	486	496	485	491	497	480	514	495	502	494	518	523	482	512	514	489	491	510	478	476	496	492	492	499	482	525	478	484	480	487	520	469	472	512	476	496	
519	478	503	484	514	520	476	488	511	485	487	474	499	507	491	483	499	497	474	485	508	489	524	517	523	495	475	470	488	480	498	472	493	504	505	517	506	500	511	504	521	488	524	496	476	517	475	489	515	523	525	503	515	521	515	470	520	494	513	496	502	473	470	488	481	481	500	510	483	500	517	471	490	497	494	512	510	525	495	491	508	472	493	513	485	507	484	516	496	471	487	525	472	517	494	499	489	505	511	472	483	493	493	504	500	482	473	485	493	472	507	515	515	519	510	519	522	472	494	483	516	517	480	521	498	513	497	483	475	470	523	481	486	486	475	488	474	525	494	475	484	510	503	500	481	492	498	506	490	515	509	524	523	494	496	510	491	501	513	517	493	469	490	519	481	480	517	492	478	475	503	501	495	490	521	476	475	494	497	509	
524	507	498	486	505	487	479	496	524	511	475	483	511	495	472	522	499	518	525	520	492	479	483	516	469	473	499	484	471	502	477	474	518	496	469	483	485	475	520	476	524	513	515	515	474	494	469	510	482	495	483	516	517	520	494	484	522	476	500	469	508	481	505	518	511	504	476	487	507	514	518	486	507	481	518	516	511	482	476	483	494	494	507	481	472	494	514	517	516	472	493	508	491	508	489	503	499	494	492	488	516	490	471	494	499	506	524	488	520	518	493	515	519	521	485	487	497	499	519	477	508	522	484	501	473	477	491	486	472	506	477	506	496	483	497	490	521	474	473	507	520	489	480	516	521	480	495	513	517	516	522	494	486	490	503	491	508	478	478	493	499	498	511	487	493	486	477	486	508	471	470	486	514	520	474	508	521	508	478	520	
482	483	521	495	485	515	493	503	515	494	479	512	520	515	511	487	510	505	475	505	519	504	505	504	513	512	495	476	490	522	483	472	501	473	515	512	488	513	522	505	494	491	502	515	493	516	523	501	516	492	490	470	514	509	507	520	487	498	524	472	500	494	519	498	517	502	510	502	474	509	502	489	519	478	519	524	518	511	508	519	501	476	507	505	469	478	516	507	511	484	497	497	504	510	471	498	476	500	520	521	473	494	514	517	512	489	474	502	474	507	493	520	519	472	493	516	517	496	504	474	523	502	492	482	480	507	500	497	487	512	522	489	523	512	519	521	477	476	489	475	494	469	492	500	493	520	478	514	473	522	492	517	482	471	493	483	469	515	525	511	510	488	517	511	497	506	513	496	486	516	491	513	497	474	477	520	477	502	484	473	
480	500	520	479	509	522	493	474	511	476	510	487	470	483	484	472	475	506	486	507	525	507	501	521	482	488	476	481	493	507	476	500	522	524	519	472	515	503	499	485	482	511	487	479	522	517	493	503	502	520	517	479	469	507	515	519	505	483	488	525	495	475	477	489	508	520	470	517	475	475	484	498	470	480	495	487	521	519	470	501	497	503	521	486	511	496	478	479	507	494	494	498	489	498	518	485	498	499	492	496	481	488	519	524	492	519	476	479	488	478	491	470	485	487	509	491	524	510	487	483	519	504	474	505	474	490	488	512	523	523	506	511	488	499	494	479	512	476	517	500	487	524	511	515	520	475	476	471	509	507	503	488	523	479	507	524	474	487	521	509	519	476	489	476	500	498	520	522	475	493	496	520	524	500	519	506	511	478	502	504	
521	507	481	498	523	512	520	514	489	516	523	516	471	485	482	508	484	486	510	507	487	477	498	490	523	496	510	524	510	512	473	523	486	478	502	499	500	494	523	509	479	503	474	488	500	471	509	497	511	511	488	519	525	523	510	490	504	477	506	502	495	476	475	508	514	499	515	523	518	489	498	500	496	491	518	472	504	498	498	480	524	521	492	476	495	514	517	519	490	494	482	490	521	523	502	517	520	520	502	522	494	493	496	497	490	506	491	474	512	473	475	473	486	511	481	517	495	469	503	484	509	520	512	513	519	522	511	511	511	510	508	495	504	508	519	480	525	476	489	496	487	508	504	503	494	483	515	481	511	491	470	486	491	494	486	522	473	525	498	497	501	508	475	521	492	499	512	489	520	475	481	523	472	486	498	487	483	476	495	509	
485	523	508	491	477	516	481	522	479	514	473	501	495	497	484	495	477	495	514	523	498	479	488	471	517	474	472	512	507	516	524	524	499	495	504	493	499	475	477	495	511	479	475	479	522	488	516	479	498	503	499	497	499	499	471	495	524	512	517	515	482	473	475	502	521	521	485	482	491	507	519	473	510	512	485	498	508	503	491	524	524	506	495	498	502	480	474	479	516	521	523	487	514	473	479	502	510	519	494	517	501	499	516	480	506	489	473	496	525	517	471	489	474	505	501	478	490	497	476	521	520	521	504	519	493	511	484	471	488	524	481	522	522	476	505	482	497	482	499	499	487	524	470	477	482	478	507	505	492	492	478	479	497	525	493	525	472	511	505	474	470	514	497	471	500	516	517	512	503	512	500	471	487	516	496	524	500	481	505	474	
476	519	522	510	494	485	491	471	522	496	518	493	479	518	503	507	512	522	474	494	476	473	510	496	494	497	516	476	480	487	485	476	517	482	523	514	497	481	504	498	511	509	493	500	522	523	494	486	503	485	485	512	506	493	517	487	495	493	523	525	470	492	501	519	512	494	476	512	507	496	506	471	470	492	488	483	469	472	497	487	498	470	508	523	509	499	472	522	500	496	469	475	525	488	471	480	490	506	500	476	489	481	497	473	485	520	492	478	475	517	474	469	500	496	513	524	477	508	481	518	477	506	510	495	511	522	493	475	511	494	519	473	515	524	497	485	525	512	499	517	524	522	472	523	505	480	485	473	489	503	477	493	493	509	517	520	489	478	492	511	511	487	486	500	479	489	481	488	514	520	522	519	507	513	492	518	472	506	485	477	
517	475	483	491	483	490	512	518	492	478	474	476	495	501	516	525	524	496	510	475	470	518	477	500	485	475	478	473	498	516	521	489	523	490	507	482	472	520	485	507	511	482	511	501	482	508	492	471	482	505	482	523	498	481	477	472	485	471	482	484	504	472	486	497	471	518	490	472	516	507	512	502	477	508	520	509	514	484	518	493	480	525	476	511	524	516	510	492	498	491	500	500	501	482	489	484	498	513	489	475	512	493	470	471	495	511	501	507	519	481	501	476	483	517	519	523	484	496	509	473	494	520	476	512	516	485	515	486	506	495	498	508	490	506	504	481	517	512	522	501	479	493	472	480	493	498	525	470	477	479	496	519	508	519	510	481	500	525	473	508	503	510	507	508	478	517	470	476	524	524	479	473	508	518	488	508	492	518	500	520	
502	521	512	474	471	490	505	494	474	509	484	496	473	510	482	483	510	470	515	516	476	517	483	475	519	495	488	506	479	513	475	481	494	524	497	495	483	517	469	517	483	498	516	519	476	501	506	523	521	480	509	470	479	470	504	524	471	495	474	501	475	507	469	478	476	511	480	496	516	518	525	508	469	497	475	469	497	506	483	519	469	495	479	511	471	490	476	500	513	513	489	485	489	474	510	521	514	523	520	516	502	515	510	490	487	504	478	474	478	525	517	492	484	489	489	510	474	516	522	475	469	478	503	517	481	525	489	512	504	478	486	469	489	520	511	496	486	493	475	496	524	477	486	489	518	523	471	490	497	520	504	511	484	516	504	477	486	524	514	498	506	494	501	480	502	479	510	488	473	501	516	490	489	494	485	485	492	524	504	491	
504	485	497	481	523	503	470	500	514	470	473	488	489	469	492	477	511	525	517	515	495	508	499	505	502	510	497	483	470	507	522	485	513	504	494	501	493	515	491	492	469	493	518	494	491	521	508	477	490	501	501	513	476	489	499	510	518	495	493	485	515	492	485	521	500	514	519	525	518	506	499	521	483	504	512	504	517	504	515	499	515	489	486	510	506	516	510	502	471	472	510	520	504	487	469	492	525	470	520	505	503	482	498	482	522	521	475	483	470	490	519	472	477	473	504	500	517	481	469	498	483	489	473	517	505	512	525	513	520	524	478	491	521	479	499	515	514	483	517	492	484	521	476	471	491	508	489	475	481	523	501	524	505	504	504	470	521	521	500	481	483	479	524	479	484	504	510	519	501	508	523	506	515	492	523	498	474	493	486	521	
510	518	481	519	509	471	472	519	504	503	474	513	492	519	476	487	504	501	499	476	522	494	519	483	497	525	479	497	523	515	484	482	515	521	473	520	501	522	489	476	518	524	501	479	491	512	488	521	500	478	499	475	504	522	497	476	517	471	505	517	492	495	477	484	484	518	520	502	514	480	521	485	480	514	499	488	519	519	481	501	486	492	490	503	481	500	484	474	495	475	496	516	509	505	507	495	487	478	510	504	473	473	471	502	506	471	476	512	506	478	500	485	495	475	515	488	517	523	492	488	505	470	493	490	491	502	478	521	485	492	505	517	518	469	498	503	509	472	480	472	522	474	504	502	512	508	491	470	499	512	508	517	491	524	497	480	510	482	506	471	513	511	509	472	513	510	471	519	524	521	518	514	471	495	524	477	492	483	477	504	
504	475	505	520	494	487	517	506	472	496	491	501	485	505	521	475	494	520	513	521	516	518	491	475	503	512	523	497	483	497	479	476	469	508	470	507	516	513	475	489	525	524	510	496	505	491	477	485	473	473	518	484	516	524	487	469	479	503	510	525	521	496	484	485	474	477	470	512	516	505	509	504	473	486	494	500	501	487	507	505	520	512	500	488	517	492	472	483	471	483	483	502	473	520	477	499	471	469	523	492	494	475	483	486	498	511	514	484	477	509	495	519	511	484	504	518	505	486	499	514	521	512	508	520	491	474	470	472	474	482	514	497	525	506	521	525	491	513	493	524	493	478	518	523	495	498	479	508	523	515	521	491	516	475	491	504	501	523	503	500	517	475	520	470	472	520	479	517	504	487	499	524	494	480	471	505	498	472	478	474	
480	484	515	485	497	479	498	479	499	517	518	475	520	481	486	469	507	489	490	518	491	520	505	496	516	474	510	480	516	511	499	475	511	506	514	496	486	471	495	476	492	492	513	503	478	515	494	482	516	497	490	519	491	486	510	509	494	512	501	525	512	503	520	506	469	485	524	492	510	481	507	472	484	523	488	517	495	507	498	483	515	503	477	492	491	484	475	514	494	497	509	510	480	524	523	504	490	493	511	524	490	522	524	521	486	484	470	524	492	492	503	506	519	518	507	512	524	481	519	473	500	488	522	470	491	491	512	508	493	516	492	488	504	512	475	501	488	497	509	508	473	512	503	487	476	476	504	489	479	473	506	484	519	501	484	497	497	474	474	505	475	513	475	480	491	497	497	506	495	469	501	483	496	496	521	516	488	510	474	522	
476	510	513	516	471	481	484	504	524	524	489	513	480	501	509	471	503	488	506	518	503	489	516	497	525	499	471	470	517	494	495	503	487	481	484	488	525	523	496	491	491	482	517	486	469	503	497	511	471	478	491	477	516	472	510	487	487	496	481	518	483	481	472	492	515	497	525	495	511	482	471	475	499	499	512	515	475	476	480	478	511	482	495	475	483	510	472	520	517	507	488	477	476	470	485	515	483	494	500	477	482	490	499	486	502	518	492	490	486	499	472	495	491	489	509	517	480	501	491	492	479	494	491	478	473	523	506	489	493	481	475	492	480	495	489	480	517	521	513	524	487	479	515	507	505	491	493	518	508	500	480	491	476	519	525	485	522	516	508	474	482	515	473	522	511	497	493	497	488	492	503	485	485	490	520	478	475	489	518	474	
514	524	492	516	497	499	510	491	495	508	470	520	504	498	500	525	525	508	473	507	487	501	492	489	523	503	485	485	494	516	511	506	494	492	513	522	483	480	492	479	525	521	479	524	499	511	511	480	516	473	478	516	500	477	512	492	476	490	518	496	502	498	500	523	503	525	508	485	487	510	487	473	492	512	492	495	511	525	504	482	521	519	478	506	492	507	476	500	502	524	523	508	498	524	483	507	518	504	523	497	510	480	469	506	524	484	471	490	511	494	479	499	507	507	492	470	474	517	494	494	488	475	521	506	486	498	514	515	496	472	521	478	500	488	500	500	512	510	523	511	506	493	522	495	469	482	506	524	518	481	477	512	510	506	486	507	504	517	489	524	512	514	481	487	488	517	481	523	486	504	487	474	510	517	474	510	489	510	512	521	
499	504	496	519	510	515	478	511	485	523	500	516	511	522	480	506	512	476	480	514	485	482	470	504	485	511	485	473	488	508	522	509	491	497	491	490	515	493	508	484	520	485	523	507	504	481	469	515	504	487	482	489	477	513	480	496	512	485	470	520	481	470	471	490	482	512	515	501	506	524	508	505	491	507	524	523	480	512	485	510	477	491	483	484	504	494	498	522	494	509	521	494	488	494	485	499	498	508	505	499	512	485	479	477	486	491	473	518	471	471	499	497	487	487	519	476	494	474	510	517	517	480	510	507	470	493	523	494	507	494	512	477	474	495	520	478	509	514	476	504	498	485	509	495	469	497	479	495	513	473	485	505	475	479	514	487	471	496	487	484	506	479	478	507	499	500	499	517	520	492	480	509	476	470	523	479	513	479	512	500	
512	506	475	480	497	499	476	499	491	501	495	519	497	510	494	499	476	484	500	470	508	481	509	493	494	496	471	480	475	519	508	513	519	486	502	520	498	488	477	504	520	474	503	510	473	519	485	501	514	496	514	496	480	509	506	471	503	495	484	512	490	513	475	510	469	485	507	469	524	496	517	478	523	476	504	482	517	499	488	475	484	512	478	492	474	491	469	525	509	509	514	472	503	518	487	514	472	469	501	510	481	479	491	476	495	487	506	508	523	523	487	512	476	475	513	478	501	489	524	522	507	509	477	492	524	519	523	507	481	470	477	521	524	495	481	510	488	501	473	495	516	525	520	485	513	518	507	489	488	511	492	497	513	489	489	469	479	518	479	477	510	523	476	521	469	517	518	482	481	478	491	503	521	524	477	497	516	488	517	479	
471	525	503	519	478	505	470	488	518	474	499	480	504	494	490	483	502	508	523	516	521	503	521	480	495	480	471	519	470	472	506	525	492	472	504	470	500	520	521	511	479	510	513	486	522	519	513	511	510	516	520	507	477	503	473	475	503	496	516	488	483	486	478	492	508	521	497	513	474	494	523	487	507	523	502	490	496	510	474	516	480	479	501	512	502	500	517	500	501	470	518	508	522	485	471	477	480	515	475	509	511	481	512	472	495	492	485	482	476	485	497	518	495	476	489	489	501	504	511	480	470	491	507	493	502	475	517	525	476	488	520	514	469	479	482	496	503	490	522	485	488	514	520	514	477	515	476	491	482	479	485	508	492	490	515	472	473	488	492	486	517	472	481	493	496	474	505	495	510	520	471	517	497	504	478	475	469	523	483	483	
523	494	512	518	471	476	503	482	511	491	519	513	504	506	469	492	495	480	469	506	477	484	473	495	504	523	490	483	513	509	484	496	502	516	501	507	511	495	525	488	506	480	473	513	520	523	483	515	490	513	506	500	485	485	472	523	508	469	522	488	515	472	469	508	518	503	488	490	504	476	509	495	491	518	487	504	519	518	518	474	502	524	512	504	513	499	506	496	504	469	470	474	493	470	481	515	522	511	495	470	501	498	521	523	485	519	494	516	498	488	472	474	483	488	487	519	497	494	506	491	486	480	492	488	520	480	469	521	510	517	502	521	469	518	519	477	511	490	492	498	525	520	481	482	484	480	504	478	509	507	519	502	488	518	522	494	506	518	509	515	470	524	516	499	471	501	490	476	473	510	513	479	469	506	513	511	488	519	491	482	
480	516	508	522	473	474	478	489	512	505	480	474	524	508	522	492	498	486	499	495	481	499	508	492	512	474	486	520	512	490	482	502	506	487	509	518	513	490	510	490	488	516	523	502	500	525	494	512	505	473	488	499	478	475	524	480	524	487	517	525	487	518	474	521	518	486	481	524	523	481	518	479	518	523	472	513	494	485	472	511	481	514	508	489	489	506	489	488	517	489	490	488	511	522	483	516	513	483	509	515	515	490	504	500	502	478	489	482	491	502	483	492	523	513	476	516	509	482	523	500	513	516	495	493	475	518	499	513	471	498	507	500	491	522	472	486	479	482	471	525	502	484	512	495	490	489	473	492	506	471	501	522	502	478	498	519	486	480	517	494	487	507	510	492	517	494	525	475	471	490	496	502	497	502	518	521	504	505	469	522	
506	520	482	483	495	492	496	511	499	497	501	474	513	500	473	516	513	469	483	509	517	508	505	484	506	501	520	482	519	506	525	486	512	502	521	472	479	499	523	487	525	487	472	514	502	472	512	508	501	475	509	502	501	501	513	503	475	488	512	505	516	474	482	515	503	524	525	496	516	514	516	472	507	501	490	517	502	497	491	519	501	500	484	512	518	470	504	486	478	474	502	492	508	478	501	473	479	514	509	501	482	500	525	469	475	470	490	517	519	472	478	486	520	476	482	523	506	507	476	525	512	494	518	522	516	494	478	480	490	506	520	504	517	505	480	485	504	477	481	483	524	503	516	480	498	508	480	505	502	474	508	474	489	480	518	517	507	470	504	483	470	469	515	506	504	485	492	491	510	517	481	484	499	516	519	519	504	497	498	519	
500	510	520	507	476	501	485	478	493	525	501	513	506	477	493	495	515	501	517	473	505	499	506	473	473	500	500	491	489	478	469	470	491	522	524	479	482	488	521	512	507	484	480	518	483	521	512	505	499	498	498	498	498	484	488	523	480	519	490	493	503	481	490	499	524	520	522	524	476	485	505	487	508	472	480	482	515	502	510	505	500	517	524	507	502	497	473	496	471	484	493	504	478	504	509	511	518	506	519	475	498	509	521	511	505	482	477	473	470	479	491	479	525	524	506	487	506	495	516	515	513	515	501	484	497	480	488	482	473	484	515	477	469	472	492	488	491	510	494	508	517	495	493	511	498	499	522	479	471	499	492	496	495	497	508	499	478	510	483	515	504	515	488	514	502	485	495	512	486	525	513	513	482	474	479	499	478	525	504	495	
513	498	477	495	518	496	485	513	518	510	512	494	525	471	504	490	486	511	493	502	476	524	495	486	500	500	483	479	470	502	518	476	507	469	478	506	472	525	477	484	500	507	492	484	505	523	504	487	522	519	499	474	474	490	506	480	473	498	477	517	469	488	496	483	486	503	506	489	487	488	512	472	509	500	522	475	496	508	519	511	487	475	481	484	473	470	482	516	487	491	510	475	511	477	518	495	490	472	492	484	520	515	514	511	490	471	495	506	499	517	494	494	525	503	508	519	478	513	470	469	478	505	516	490	524	498	473	481	471	516	479	508	512	512	473	479	521	473	478	523	496	503	514	478	514	506	469	507	485	521	502	524	471	496	481	473	498	496	502	485	513	478	477	514	491	513	501	490	485	493	479	505	469	482	486	524	484	482	470	513	
483	484	485	491	475	499	486	499	509	496	485	516	511	516	499	477	502	509	503	517	473	515	494	499	483	496	505	499	487	481	488	522	520	472	514	523	521	491	473	495	506	487	474	519	479	479	523	512	519	473	495	475	478	497	474	490	496	502	470	477	519	509	515	521	501	516	499	502	498	486	495	473	525	478	505	498	493	511	487	471	525	513	515	524	476	483	487	499	509	488	483	482	502	522	494	509	477	478	512	516	478	469	473	499	469	472	515	477	518	471	480	518	520	496	474	512	513	479	500	506	518	504	491	479	497	479	469	470	508	470	521	514	504	523	471	471	503	524	512	469	493	474	505	479	492	504	502	482	521	476	519	500	469	500	484	475	496	497	515	515	487	473	489	518	508	488	479	514	522	525	479	511	473	510	503	472	469	500	500	518	
509	497	489	480	492	519	514	484	495	474	475	509	487	506	486	500	514	470	522	476	502	518	502	498	474	483	483	476	516	496	509	485	491	519	482	490	471	519	470	515	488	523	482	495	492	521	518	474	495	474	513	479	480	519	494	511	505	488	470	471	512	500	503	484	511	501	521	480	524	482	471	509	522	503	496	485	478	483	474	497	485	513	523	476	482	481	516	523	494	519	477	485	509	509	475	509	516	483	482	508	497	493	510	516	481	504	503	501	488	502	486	481	520	525	519	506	471	475	491	498	504	524	496	506	501	472	509	516	525	472	486	509	509	482	511	524	522	484	506	473	523	508	488	481	514	499	474	480	514	505	483	486	525	505	508	501	518	477	500	504	502	512	507	506	521	497	470	522	490	471	469	470	505	513	478	483	474	498	493	524	
512	487	498	484	482	473	507	486	522	495	477	501	484	488	475	508	475	524	493	471	489	496	492	499	508	499	483	502	524	471	502	484	482	514	516	500	493	513	480	496	491	513	509	506	498	525	509	517	519	494	517	482	492	512	496	492	487	498	490	486	480	504	498	471	517	522	484	472	480	505	502	477	494	517	512	479	521	514	519	506	481	522	474	477	522	469	525	509	511	521	502	485	481	475	523	487	477	521	489	480	478	481	492	525	497	484	500	507	517	481	492	505	485	505	513	515	477	521	500	483	513	519	492	493	487	514	519	479	513	521	513	475	517	506	511	494	522	519	509	482	524	492	511	524	491	483	484	515	500	504	472	470	506	508	510	494	520	495	507	469	501	491	495	482	499	496	497	523	502	497	470	500	493	481	517	500	493	490	510	508	
525	488	482	497	502	519	469	512	474	504	516	479	473	501	473	508	508	523	508	502	481	502	513	523	469	470	523	484	482	478	504	505	522	487	500	488	524	522	518	470	494	499	472	484	485	490	471	503	479	522	507	469	504	490	490	471	472	520	469	515	503	522	504	512	498	515	514	481	515	483	504	489	500	482	491	474	489	500	495	483	496	474	474	495	497	485	474	513	503	485	522	489	514	522	505	484	478	471	515	481	483	491	503	479	507	501	492	489	498	470	500	511	523	496	508	493	496	500	519	518	499	501	511	483	511	478	471	523	516	488	490	490	480	474	518	473	523	474	523	469	487	506	507	517	478	470	504	474	476	515	512	515	504	483	501	477	492	487	516	511	523	509	525	479	518	506	517	499	472	482	525	471	481	500	489	513	478	488	493	479	
491	491	503	522	485	505	519	500	516	485	518	487	494	486	479	487	502	484	479	480	471	517	473	510	519	492	511	518	472	505	471	484	490	476	470	506	522	509	518	486	511	479	519	519	485	496	499	522	485	474	472	497	476	506	504	520	504	495	522	510	498	522	525	495	475	476	514	478	487	470	519	501	475	480	477	512	484	479	506	506	507	502	517	484	493	486	516	470	502	500	517	517	480	489	476	488	469	524	519	496	498	504	501	477	470	521	486	514	496	485	496	489	518	503	510	473	510	474	520	478	501	500	521	492	474	509	490	522	524	516	520	480	523	517	495	475	494	479	493	523	476	502	522	480	524	511	481	485	484	511	506	510	516	475	500	480	482	502	506	480	497	473	503	514	469	510	509	513	522	509	513	489	523	485	486	501	515	522	487	493	
517	505	478	474	520	501	504	514	522	505	482	517	472	498	474	476	513	469	504	525	480	479	504	524	498	522	513	479	485	483	502	517	505	509	500	477	508	479	481	516	487	507	516	521	513	522	511	476	508	499	475	502	491	501	502	480	519	524	504	521	506	497	487	525	525	496	487	508	519	517	494	477	487	489	478	515	513	520	491	483	504	510	473	497	494	490	472	508	503	482	498	499	504	510	476	513	505	493	521	471	515	499	499	483	517	477	494	470	490	515	502	524	496	525	482	469	512	491	476	508	485	513	518	521	484	489	474	486	497	492	481	490	505	515	521	491	501	516	492	502	476	500	477	489	509	480	474	522	483	472	515	497	513	479	478	525	475	522	517	471	481	486	519	470	485	474	514	495	502	516	503	492	482	471	524	522	500	485	505	495	
481	523	512	503	487	504	499	501	494	478	514	478	503	479	486	498	491	499	512	514	487	519	496	504	489	515	493	474	484	504	502	496	469	489	516	495	517	487	504	480	486	492	474	501	503	520	515	495	521	522	514	476	505	472	502	514	503	492	500	501	525	469	471	505	470	521	507	486	518	514	518	498	494	499	482	478	497	490	501	477	496	481	516	507	521	492	473	484	523	490	486	476	491	493	519	494	499	490	492	510	498	516	501	484	478	522	492	513	485	519	474	469	488	496	503	481	510	525	518	515	498	484	489	497	519	503	504	496	500	471	511	505	519	491	520	496	501	525	519	480	517	482	521	477	500	503	478	472	521	484	525	483	515	496	482	509	495	498	495	503	476	476	522	506	524	500	488	524	520	504	524	512	508	473	476	490	522	521	504	491	
523	484	500	482	521	510	502	481	510	489	501	493	490	509	515	477	485	487	497	523	517	499	516	505	504	509	508	525	474	522	469	488	475	481	491	487	514	518	482	471	506	499	517	491	514	475	513	511	472	499	479	471	505	487	484	522	509	484	494	525	486	492	472	480	485	505	506	492	483	513	474	504	518	505	525	494	502	470	512	508	476	497	490	478	481	513	510	498	500	490	487	511	481	482	469	489	470	508	489	483	496	482	492	525	490	492	511	501	491	474	504	479	503	473	499	476	509	479	487	518	496	509	509	509	481	492	521	490	502	473	492	507	522	519	513	508	474	508	496	524	501	495	508	519	470	481	482	494	478	476	469	490	476	473	507	523	507	487	483	515	499	517	477	518	512	506	497	501	472	474	486	473	523	518	475	511	490	472	473	503	
504	512	522	493	473	500	481	518	521	470	497	486	494	485	511	484	489	478	495	498	493	494	484	469	513	472	512	512	522	486	505	500	494	518	513	476	494	512	498	522	506	469	469	484	499	474	485	515	488	499	511	521	484	484	506	505	511	471	492	477	513	496	503	507	470	517	510	508	501	476	486	472	471	497	479	476	524	490	491	511	504	494	474	479	499	476	469	508	508	516	500	502	473	505	521	471	516	519	502	514	476	473	502	506	489	501	520	504	496	494	483	476	502	497	498	471	513	519	512	509	506	498	496	525	505	519	506	492	483	512	525	494	489	477	511	520	523	488	514	500	498	509	498	471	517	511	519	488	489	502	473	498	486	477	474	485	473	489	506	514	497	474	471	505	487	482	508	512	506	491	515	476	501	503	504	476	479	478	507	485	
506	503	481	506	470	503	516	510	518	480	520	520	490	473	510	484	469	494	495	518	488	484	503	495	500	487	497	515	521	488	511	514	484	482	523	472	488	498	500	494	507	524	474	474	506	492	511	469	471	485	508	485	499	512	483	497	482	496	506	501	480	503	507	484	499	471	481	506	487	515	503	481	516	496	482	515	517	489	475	502	481	502	491	524	499	505	518	473	522	481	495	482	496	512	490	477	498	508	516	512	498	509	493	522	474	493	495	469	519	502	495	501	496	507	477	470	489	520	516	485	470	511	498	490	523	502	507	502	491	483	521	523	489	523	513	514	493	485	472	516	498	488	482	483	476	523	520	515	481	504	475	481	524	492	497	498	494	498	521	497	509	515	521	469	479	497	523	523	499	471	490	523	490	513	488	493	508	502	482	473	
502	501	502	484	497	474	504	499	492	504	477	502	469	485	513	469	477	481	480	478	515	508	480	474	516	515	525	518	522	477	474	470	522	515	510	497	491	521	490	487	517	475	488	514	472	504	519	491	512	497	508	520	471	484	473	492	500	492	503	488	476	480	493	510	516	505	481	500	508	499	516	509	512	516	516	484	520	502	504	519	473	524	502	485	514	516	496	487	487	496	469	492	517	503	512	517	482	485	525	493	490	500	473	474	474	476	508	474	505	479	498	506	499	523	512	500	507	499	518	509	485	469	504	500	485	472	482	474	516	495	507	488	501	490	518	492	514	502	501	508	475	500	519	522	472	510	506	523	484	493	506	522	517	507	486	522	513	476	469	507	516	477	491	487	494	512	483	479	487	480	515	488	521	479	516	505	473	484	520	524	
496	510	513	476	517	487	492	498	498	481	513	525	522	524	519	503	480	502	509	475	496	476	511	506	475	487	494	509	522	475	511	470	485	483	495	524	510	510	473	522	499	502	505	471	503	487	512	483	476	517	498	487	478	498	518	473	484	507	522	500	470	478	503	495	514	522	518	486	521	506	481	508	498	513	469	513	489	488	497	482	502	492	506	522	506	477	507	499	507	498	488	475	474	521	507	508	496	504	494	516	470	482	481	515	498	481	478	520	487	483	485	473	475	524	512	500	512	477	502	495	523	483	525	512	512	493	471	507	480	516	517	521	472	488	480	492	477	524	489	522	501	495	514	492	491	496	471	481	470	501	520	520	473	510	480	496	518	473	516	474	484	487	506	489	492	486	481	519	484	476	494	523	522	518	469	513	488	474	483	475	
474	490	476	512	483	506	480	523	495	470	507	478	485	518	515	471	481	524	508	477	492	491	493	517	513	518	489	484	508	474	493	483	472	469	482	507	488	512	478	483	502	502	497	470	503	516	470	477	525	484	470	504	504	484	474	482	494	500	519	474	488	483	483	486	511	523	499	523	475	524	478	491	501	495	470	507	501	483	494	500	499	472	474	492	473	514	475	478	474	480	490	519	508	488	474	495	487	495	491	509	498	496	483	475	512	522	504	491	508	519	485	503	507	480	487	525	512	507	500	484	492	482	485	486	501	482	493	519	506	481	497	522	500	522	517	516	474	515	515	481	502	519	473	469	520	512	518	515	498	484	516	487	524	516	523	498	471	479	477	487	495	483	486	515	525	486	502	503	494	514	514	480	478	520	489	523	478	508	515	513	
488	511	511	498	519	472	514	513	512	506	484	506	517	495	470	487	510	470	512	493	515	489	517	472	490	507	515	477	512	498	519	506	474	477	492	521	482	509	513	520	475	493	469	498	504	488	476	501	511	469	484	510	518	507	491	482	472	494	507	495	499	479	489	497	478	504	501	516	479	472	505	517	482	522	504	475	514	483	514	503	489	511	521	469	519	512	508	491	475	496	469	473	509	502	497	519	493	507	517	496	511	513	477	505	485	471	494	486	509	494	477	471	487	519	490	506	519	469	504	486	510	478	475	520	518	520	494	499	498	482	506	486	519	524	500	478	518	515	474	518	499	514	502	499	495	488	523	517	506	503	495	522	470	514	504	496	484	523	479	483	502	473	514	478	493	483	478	504	516	523	502	496	472	471	491	504	489	521	513	503	
520	475	480	491	489	476	504	519	523	511	489	482	522	504	512	475	508	476	470	482	513	484	469	484	520	498	511	486	521	494	500	498	500	510	472	519	470	525	480	473	514	493	521	487	502	514	520	492	488	499	518	482	513	502	523	469	503	505	521	501	483	499	482	514	506	492	518	516	492	523	482	471	503	522	476	477	516	512	472	499	506	513	523	505	479	521	520	496	511	493	470	517	471	474	520	486	500	482	479	508	499	476	504	490	517	487	492	478	490	499	493	494	472	482	478	512	473	510	515	525	505	523	497	470	517	523	501	493	476	470	476	525	519	500	500	522	508	513	524	477	488	513	485	501	503	489	508	474	473	517	473	496	475	469	491	499	469	479	518	505	524	512	477	507	503	513	524	484	491	485	480	505	522	508	478	483	514	491	502	484	
513	487	513	507	494	504	493	521	516	500	473	521	508	484	488	520	479	506	508	518	496	523	515	520	473	513	470	507	512	519	475	517	513	509	469	478	508	524	518	494	510	498	496	486	492	496	515	504	485	522	508	482	480	521	514	507	521	471	525	475	479	498	491	495	475	497	477	504	504	513	525	500	477	497	470	472	488	486	497	516	482	513	516	512	525	481	507	491	515	499	485	495	485	521	471	500	470	473	515	489	484	498	522	499	519	470	520	486	505	518	493	492	490	521	499	498	504	519	473	490	501	470	490	510	512	500	469	491	523	520	483	488	514	471	517	494	489	479	521	500	504	507	493	506	469	495	472	525	488	472	496	501	470	498	491	496	507	480	498	523	471	486	478	523	499	520	521	477	500	499	487	510	502	512	471	509	473	499	478	525	
484	510	482	522	490	472	487	504	519	474	493	473	511	496	515	522	480	473	520	500	474	479	498	481	488	489	476	507	490	514	479	515	509	497	485	513	471	508	499	506	503	485	496	511	525	486	507	521	508	469	499	513	499	470	523	524	485	496	524	518	506	479	492	489	472	490	490	513	516	491	497	490	474	469	485	499	506	524	501	474	475	520	481	508	515	487	499	476	484	487	508	485	518	478	509	474	486	509	492	487	522	514	522	495	491	516	484	490	513	476	520	495	472	485	471	512	494	508	477	486	480	489	519	504	489	475	473	496	520	482	504	521	490	522	480	509	500	485	471	479	478	499	500	490	521	525	492	480	508	481	508	494	484	477	487	474	476	484	502	514	506	484	479	504	488	470	496	510	514	477	483	471	475	496	501	522	478	484	485	503	
516	514	510	477	480	514	470	479	520	501	479	494	470	518	506	506	472	483	525	519	493	503	510	508	480	507	489	524	488	517	489	473	505	519	477	517	517	501	490	470	509	470	501	471	503	487	513	507	477	487	490	479	509	505	492	508	523	490	508	473	510	507	470	524	476	492	516	509	497	470	504	503	520	494	509	492	494	484	515	488	499	472	512	481	516	499	506	515	494	489	482	493	520	505	511	519	483	515	509	518	487	490	510	521	500	490	486	488	491	523	525	521	513	504	475	489	497	482	496	488	485	480	517	478	485	509	469	474	482	487	471	524	471	498	481	494	509	503	504	484	491	493	479	474	486	471	520	480	506	503	472	497	503	503	485	508	479	476	479	500	518	510	512	488	496	478	513	502	486	510	490	510	487	492	515	519	496	496	511	510	
483	474	473	486	516	481	470	516	483	503	477	490	501	516	483	488	525	479	487	474	518	502	480	522	494	483	519	472	475	523	470	488	484	490	522	470	473	489	506	502	486	497	471	491	479	492	482	496	469	471	521	486	513	478	487	514	496	520	508	525	508	507	476	501	494	497	512	492	471	508	482	477	518	494	515	520	506	517	514	478	513	513	484	474	506	505	480	492	510	491	483	517	488	484	473	473	471	511	525	474	505	478	475	477	502	508	501	518	511	475	476	497	483	492	490	488	517	518	499	516	506	470	475	499	495	497	525	505	525	517	509	480	498	495	484	480	491	518	476	513	519	518	495	496	473	503	483	519	472	499	493	511	523	473	505	472	522	480	477	507	499	507	523	501	473	496	510	477	507	483	485	515	471	488	516	519	525	484	485	497	
502	497	500	512	482	505	483	510	474	506	502	495	518	516	522	522	488	523	476	492	481	485	488	507	478	482	505	518	507	497	510	487	521	480	493	517	500	480	522	483	481	519	490	516	512	503	469	509	488	472	484	482	483	492	480	497	480	523	493	485	481	470	477	513	520	489	473	500	474	499	513	491	498	483	497	512	507	507	500	507	506	473	488	486	486	522	509	520	517	476	481	518	470	510	503	508	493	501	472	502	516	490	496	494	499	500	480	475	505	509	481	512	519	470	471	470	498	498	518	476	492	493	493	512	489	511	510	475	521	493	515	487	524	490	508	474	525	510	475	522	494	486	490	525	519	495	500	496	510	504	522	508	522	509	487	471	518	477	505	507	520	503	491	490	478	507	508	510	525	482	512	477	516	499	496	497	484	510	476	509	
504	481	495	473	495	482	523	489	516	523	495	515	471	500	518	474	491	500	486	503	490	517	472	488	496	495	480	506	501	493	492	517	513	492	498	495	491	515	507	505	521	495	513	510	498	517	525	524	507	471	523	480	494	517	482	520	477	478	501	490	499	482	471	475	514	473	489	515	510	503	487	500	477	484	497	498	493	495	487	525	519	501	509	507	510	512	525	491	494	522	490	523	487	506	516	469	475	494	515	491	510	483	476	484	487	469	481	485	520	521	495	477	484	496	482	504	474	488	499	499	484	472	489	479	481	476	524	485	521	478	470	480	476	485	480	509	510	518	500	476	473	473	502	523	495	475	496	493	505	498	472	475	500	483	476	525	475	523	518	521	476	486	510	478	491	473	516	488	506	510	501	473	477	501	511	507	516	493	496	474	
470	487	473	517	482	499	496	470	495	496	509	487	496	484	517	476	519	489	497	515	509	522	478	477	506	518	486	484	506	501	521	473	490	502	500	511	518	470	513	474	481	476	508	489	494	475	480	525	496	502	523	510	488	524	490	477	476	485	507	498	506	498	489	504	490	476	503	520	505	507	521	483	509	500	524	487	486	497	501	480	515	498	493	500	517	498	469	472	499	514	505	498	512	509	495	486	482	492	524	475	525	490	472	492	500	480	505	497	504	501	500	504	517	523	501	494	479	469	487	512	479	483	519	510	508	513	517	479	493	524	502	514	513	481	502	489	502	516	488	482	484	474	506	518	489	510	518	502	517	472	477	523	511	488	506	494	523	511	517	481	470	510	472	480	522	510	520	524	480	497	487	492	493	500	520	520	494	477	469	509	
489	499	518	478	497	491	504	501	499	469	514	478	520	502	475	498	479	491	510	516	509	474	486	485	480	469	481	483	502	497	508	473	473	516	475	502	522	478	480	512	497	522	517	495	492	509	470	494	525	504	503	513	506	519	485	476	501	490	505	470	506	491	489	520	512	477	477	476	496	525	512	503	505	507	525	492	497	508	490	496	520	472	473	483	510	496	481	511	475	512	496	525	474	519	521	517	474	522	469	507	477	474	516	485	493	516	484	474	513	521	481	483	481	491	520	525	494	476	479	524	492	497	517	505	511	471	496	474	498	493	501	475	521	491	475	485	476	499	522	525	513	470	483	521	509	472	523	498	496	490	519	472	475	524	520	503	496	500	503	523	484	477	525	520	495	521	508	516	478	505	485	495	509	518	517	475	512	511	502	516	
478	521	472	524	525	470	487	506	489	515	479	499	488	501	482	480	473	509	516	498	476	503	504	474	507	484	476	503	510	472	506	482	500	476	496	499	519	499	504	486	524	503	503	501	492	480	479	477	489	510	497	495	493	476	510	503	490	492	510	475	481	496	475	525	513	513	499	497	523	493	502	508	491	494	475	506	496	510	517	501	491	470	476	504	503	482	486	521	471	509	471	480	504	471	517	482	517	474	495	499	515	505	525	509	491	485	497	490	506	477	523	481	479	489	497	486	514	494	495	478	484	511	516	500	473	525	486	485	477	523	508	485	490	475	518	475	504	476	511	505	499	485	524	470	489	475	499	491	474	469	517	522	515	521	487	475	478	482	498	495	470	525	485	488	484	476	521	516	498	493	523	473	486	513	518	497	497	481	480	495	
504	479	489	490	475	516	524	474	523	494	479	482	496	512	490	514	480	514	506	505	488	492	502	477	487	475	484	473	511	471	517	495	491	498	496	481	470	525	492	486	492	484	478	508	519	497	499	472	494	470	500	479	524	480	476	472	474	522	476	511	525	485	500	488	482	514	523	520	470	516	472	519	517	522	490	469	484	515	508	482	512	494	511	473	473	474	490	487	519	518	507	488	516	517	504	517	503	503	503	520	488	505	518	510	495	474	496	493	506	500	485	499	510	504	494	493	516	493	501	504	496	511	522	479	491	519	479	483	500	501	479	506	471	510	473	503	474	512	487	498	511	516	517	521	514	476	497	521	507	481	513	486	477	484	510	470	500	497	515	519	470	481	470	486	501	503	480	521	489	522	511	485	508	502	485	488	509	501	517	516	
520	513	505	508	510	516	490	522	515	521	512	504	497	471	490	481	499	524	476	487	490	511	495	516	490	470	491	476	486	516	482	484	474	510	516	473	487	508	516	515	481	495	496	489	519	516	470	504	505	481	504	508	494	508	481	516	505	486	472	472	500	506	512	508	521	488	518	473	484	504	513	485	523	497	473	483	496	524	478	516	498	502	513	475	512	514	511	479	497	498	519	503	510	523	474	513	515	519	514	501	491	489	490	514	491	519	500	503	483	477	525	486	516	471	510	525	474	504	517	471	487	489	486	483	488	515	499	469	485	520	500	511	488	498	492	471	508	482	500	505	525	493	502	473	479	502	517	472	486	491	482	471	474	486	479	509	479	493	496	509	505	509	515	512	502	518	512	470	484	522	509	523	480	487	520	497	473	507	480	479	
485	506	497	504	501	523	512	494	515	518	481	493	506	489	478	492	510	512	507	514	500	476	514	505	523	503	492	476	474	491	516	486	492	483	513	481	488	489	496	469	491	508	505	482	484	499	515	491	487	494	477	499	485	512	518	508	498	484	480	475	490	515	495	509	496	525	500	523	497	489	490	525	471	481	516	515	524	486	522	477	521	516	495	514	487	473	521	523	501	503	482	520	524	525	481	504	506	489	476	510	520	506	519	504	511	504	483	474	521	499	501	497	491	484	508	491	495	473	523	493	477	506	503	508	516	510	482	488	475	478	520	523	499	491	486	472	506	474	516	523	495	478	509	486	471	519	490	492	503	520	508	475	495	470	489	504	508	502	506	470	474	517	480	511	480	474	508	524	475	476	471	473	499	507	470	480	506	506	524	500	
470	518	522	481	525	516	469	498	506	484	507	485	473	510	514	512	496	484	473	522	518	496	514	523	497	519	515	502	469	480	483	504	476	514	514	503	509	482	474	502	499	480	499	482	485	483	493	515	507	523	489	497	524	500	503	500	519	495	515	491	515	499	506	473	488	501	485	487	505	522	481	502	477	506	514	497	491	522	504	507	476	470	483	478	522	490	524	494	521	473	484	491	517	469	483	503	480	492	520	486	511	474	505	492	518	518	472	471	524	476	510	510	500	525	471	486	471	513	517	480	493	514	518	518	487	496	469	483	510	507	508	503	513	516	485	500	521	506	509	497	490	524	483	475	492	510	497	478	481	475	506	485	483	484	499	519	493	474	509	490	483	494	495	471	499	475	517	496	500	482	522	486	489	498	488	503	516	481	509	515	
519	484	489	516	519	475	509	493	520	519	525	479	489	485	498	516	492	470	499	513	510	486	512	521	472	503	484	498	498	506	518	508	513	469	494	516	501	509	487	515	510	500	515	493	479	509	506	483	504	489	512	475	474	490	470	511	485	504	525	503	515	477	518	522	502	501	502	485	480	481	515	505	520	472	510	518	478	505	494	485	497	514	487	518	525	475	490	495	506	490	485	507	475	483	501	500	522	516	492	470	492	474	473	491	513	481	520	488	478	489	509	476	481	499	479	501	482	509	469	475	495	508	473	483	519	524	513	502	490	523	490	522	504	488	494	474	498	521	481	496	482	507	502	481	514	489	482	495	497	511	501	522	479	510	478	498	495	491	509	513	501	514	491	490	492	491	489	523	490	500	493	498	513	478	470	483	498	470	515	487	
525	517	501	511	470	524	503	516	492	482	497	492	520	512	516	475	512	508	488	476	471	479	508	477	491	498	518	489	489	505	514	500	471	472	485	517	521	508	503	516	486	511	493	492	521	496	514	473	473	500	470	508	474	511	498	516	516	517	476	512	511	509	517	506	511	492	491	509	501	510	522	523	515	507	507	477	474	502	523	485	500	507	469	476	513	519	491	512	478	479	523	506	513	492	507	515	503	478	511	500	495	500	481	495	469	509	471	499	490	472	471	477	474	502	489	474	472	504	519	476	510	508	472	503	472	471	500	502	504	507	473	504	508	505	476	479	505	515	502	510	483	488	499	522	508	476	509	485	518	510	469	522	512	494	493	515	492	520	491	519	491	521	512	519	504	523	481	481	514	510	474	473	515	470	497	521	473	515	501	480	
473	498	500	525	523	493	496	481	514	502	491	523	490	476	492	520	519	486	487	504	503	476	482	524	506	476	480	478	489	473	499	501	491	525	514	525	520	504	471	470	473	518	475	516	486	490	497	521	475	482	491	522	485	474	496	507	506	483	475	512	469	493	483	471	490	469	487	489	521	474	476	508	513	501	523	524	481	488	483	496	512	511	471	491	511	523	525	490	475	470	481	475	514	509	500	521	477	478	496	517	471	488	471	490	469	506	525	472	525	512	486	517	512	507	486	481	514	503	490	478	485	493	510	490	487	520	519	469	479	480	471	475	508	492	473	515	498	513	471	469	482	483	469	497	485	523	490	488	525	523	482	513	508	486	508	494	514	470	507	498	515	524	481	471	500	476	500	500	472	505	500	475	509	490	513	486	487	469	487	478	
476	517	525	485	471	473	516	509	495	513	520	470	503	500	520	514	470	513	515	488	469	480	508	494	514	489	523	470	507	491	511	519	512	514	498	524	518	524	489	501	486	488	500	484	472	510	479	501	512	498	512	523	470	495	507	481	486	470	516	510	516	498	522	519	478	472	492	471	476	525	479	484	481	486	492	471	481	518	523	512	475	486	515	507	493	504	475	495	489	498	491	493	494	491	487	516	501	506	515	503	522	477	471	488	477	511	487	502	506	520	488	510	475	512	516	520	488	498	512	473	509	497	520	507	517	482	472	519	493	469	500	495	476	474	518	488	502	507	470	471	490	500	485	491	493	515	496	494	473	484	483	492	478	507	525	485	471	517	507	513	476	500	510	492	497	523	507	488	481	483	491	488	486	474	493	478	504	489	501	495	
508	492	491	510	505	517	521	522	492	485	512	469	501	523	485	492	507	483	476	474	508	511	503	510	472	481	493	504	521	498	494	490	485	476	479	476	491	480	504	485	487	488	473	479	494	470	484	482	511	512	478	473	512	519	478	490	479	473	472	470	480	506	516	519	482	474	501	513	523	475	478	501	503	484	477	525	481	505	499	524	521	504	518	480	489	519	476	511	510	508	474	513	510	500	494	507	505	495	469	518	497	496	502	474	470	509	470	522	489	513	502	500	521	496	522	507	505	481	471	519	473	495	523	479	500	494	499	501	520	499	514	478	482	483	502	518	485	488	482	521	512	511	511	477	521	485	524	506	482	517	496	489	502	475	489	470	503	474	522	485	509	469	512	507	510	491	510	494	491	513	521	476	500	513	499	499	494	476	499	512	
509	496	506	492	500	500	524	486	469	515	504	470	499	522	491	488	516	509	521	525	517	477	499	474	499	482	471	493	484	509	497	477	519	486	488	508	522	470	490	504	515	481	485	487	516	516	486	501	493	473	478	500	510	499	483	523	524	472	472	478	520	479	471	469	511	472	520	481	525	512	489	525	500	503	507	474	475	509	503	524	523	477	480	486	473	515	500	475	516	469	478	521	501	503	496	525	509	471	508	498	520	509	507	494	519	476	475	502	487	510	516	518	501	491	514	478	513	519	517	512	517	486	520	478	508	515	484	499	497	501	485	511	490	499	477	499	505	479	474	478	493	480	509	471	518	500	513	518	511	512	493	506	472	470	519	507	489	513	502	474	514	515	525	500	524	501	481	481	471	492	471	504	469	487	490	507	525	482	501	487	
491	522	471	489	485	480	493	501	511	519	516	475	489	516	479	481	487	477	479	522	501	490	487	512	513	518	488	479	524	475	472	522	474	481	506	482	508	494	473	498	471	524	507	489	476	516	489	503	511	470	522	502	510	481	503	482	519	484	470	478	513	522	520	517	508	487	491	525	517	489	519	496	520	491	522	471	505	495	479	470	487	488	492	513	500	482	479	478	525	511	495	522	486	502	489	506	522	509	498	506	509	495	508	494	512	492	525	515	514	506	522	477	483	474	487	472	504	523	525	512	487	469	503	511	469	513	482	485	491	514	482	487	494	516	497	473	469	491	469	492	518	515	513	490	497	489	471	470	479	515	481	472	497	515	474	490	478	483	508	512	485	482	485	521	475	501	489	471	482	508	515	479	482	487	474	523	521	499	487	500	
472	495	515	476	477	502	478	522	495	506	518	476	513	517	485	493	506	503	489	473	497	482	474	522	507	479	487	515	516	518	485	515	500	515	473	521	514	473	479	470	507	523	490	492	518	470	515	484	487	495	481	494	510	512	495	473	521	512	492	504	514	521	524	503	479	518	475	521	506	494	484	525	481	471	500	482	489	469	517	525	479	489	504	505	492	515	525	514	519	514	511	524	498	481	490	473	518	495	500	504	490	479	513	469	509	476	487	522	471	507	525	500	507	479	517	506	492	482	489	488	491	524	510	513	515	485	508	521	477	493	480	482	496	469	491	488	470	515	498	504	478	479	477	513	471	512	500	486	513	485	520	488	477	478	483	473	481	517	504	484	504	498	507	477	498	497	472	478	517	504	479	479	492	509	506	512	510	496	482	524	
515	490	470	499	490	482	518	522	501	515	512	483	492	470	503	504	490	496	496	510	480	508	495	480	510	511	509	493	478	521	478	507	477	514	489	512	522	469	511	474	485	471	495	509	490	516	472	503	485	474	519	519	508	495	490	509	510	504	504	470	501	494	475	491	516	514	516	477	516	519	522	474	472	499	518	517	480	511	486	495	524	520	497	503	478	483	519	508	497	515	473	471	493	517	498	496	499	469	489	487	506	506	525	482	496	472	482	474	522	511	496	486	469	500	475	482	489	488	473	491	515	522	500	492	489	517	495	505	482	475	517	488	518	501	512	514	473	493	479	497	475	512	493	472	483	477	482	504	491	511	469	479	506	484	502	472	492	510	469	495	488	479	495	514	470	511	506	518	493	479	491	488	520	495	515	517	484	519	489	500	
485	513	478	499	510	493	486	494	523	488	507	489	524	469	496	481	478	501	513	498	492	492	522	514	480	490	524	472	516	495	507	483	504	506	506	480	494	525	521	512	517	499	488	515	484	484	487	493	476	503	470	494	510	505	515	478	511	483	524	504	472	514	524	522	484	499	484	506	517	486	474	489	486	490	502	487	472	503	477	493	503	509	513	489	506	512	491	496	518	512	495	514	480	495	508	476	514	494	508	497	488	489	514	522	484	501	490	486	499	504	522	472	514	500	503	480	521	504	471	519	477	507	509	469	469	471	523	521	494	519	509	485	509	469	482	498	477	480	509	497	489	492	477	480	516	471	485	499	519	503	518	494	508	478	495	518	493	484	515	500	474	504	492	525	512	477	513	499	480	512	475	477	501	486	493	470	475	476	478	500	
489	484	501	518	512	524	482	475	511	525	469	524	494	481	516	520	522	484	511	476	510	521	501	485	508	469	473	515	499	517	504	477	503	474	494	502	486	493	477	484	511	478	512	470	498	478	505	469	470	516	488	481	513	473	491	514	474	512	480	498	471	495	521	491	504	513	475	508	469	490	501	479	475	492	473	477	477	523	488	474	515	491	523	509	517	522	486	499	477	496	509	483	475	521	488	478	501	478	512	503	492	514	469	481	481	507	472	492	493	513	512	496	493	496	510	499	495	511	514	522	482	508	482	470	502	508	480	504	524	484	490	480	511	521	494	507	506	513	521	510	500	523	495	495	497	509	514	524	519	514	473	521	496	477	484	496	513	520	492	474	471	502	483	502	522	477	473	478	505	487	501	492	472	472	503	523	511	483	516	478	
480	523	505	517	496	523	475	484	516	472	488	503	488	484	483	510	490	506	506	471	483	477	483	504	518	471	470	509	495	498	493	485	497	480	510	487	523	490	519	476	479	476	510	480	491	507	516	522	485	508	504	486	481	489	480	509	473	491	487	486	506	508	523	510	503	473	501	469	474	511	497	499	518	491	521	516	476	472	493	515	480	469	509	508	511	492	492	481	485	519	475	496	486	500	504	474	506	511	479	507	491	501	470	479	521	501	493	490	471	507	513	473	505	471	481	525	474	496	512	502	483	505	472	521	523	509	495	515	492	506	523	480	479	514	505	508	469	495	470	523	481	477	470	510	522	494	493	504	499	518	499	485	500	496	496	503	490	487	494	513	525	479	496	504	495	487	519	511	516	524	481	479	508	498	518	504	494	492	490	481	
498	497	523	513	492	525	513	520	496	473	515	499	521	470	521	476	470	504	490	502	494	469	480	474	469	474	490	508	507	470	489	498	477	523	472	492	508	497	504	514	477	501	473	496	484	518	512	469	507	504	480	508	493	515	486	490	505	514	500	525	496	490	507	503	522	494	497	470	516	516	500	495	481	519	516	473	473	479	503	511	512	496	505	482	483	470	491	502	498	516	511	523	512	521	477	479	470	490	471	476	484	510	506	484	489	498	481	505	505	520	507	474	470	481	488	484	489	513	489	517	519	512	477	509	506	512	476	473	520	495	478	484	511	506	488	483	492	509	493	470	509	471	516	490	503	501	511	483	506	521	517	494	512	511	520	483	495	487	504	506	489	515	514	513	479	518	525	477	482	476	507	477	475	469	525	490	519	494	485	486	
489	487	492	510	513	493	515	480	507	524	477	491	492	469	471	520	487	503	515	504	471	505	513	498	474	499	509	507	494	470	482	518	477	488	476	523	493	476	514	472	485	492	493	469	473	484	493	501	517	518	473	498	521	509	524	510	519	516	490	505	497	479	510	502	520	484	481	525	470	502	503	518	511	478	513	488	524	469	471	522	508	487	470	499	502	507	507	512	478	513	521	486	506	517	523	480	525	520	501	489	478	522	473	477	496	504	514	488	496	523	511	488	497	493	486	517	516	523	479	507	519	516	517	512	525	512	510	513	501	502	508	491	512	472	470	513	499	514	491	481	499	489	505	489	516	519	504	518	497	520	520	495	482	499	524	522	477	525	488	498	523	489	506	479	497	497	491	501	481	502	501	488	497	498	482	520	510	482	496	522	
494	507	483	524	477	519	496	521	524	495	509	525	480	520	484	510	506	511	490	479	507	484	473	484	520	515	501	495	509	505	499	493	493	475	500	481	493	483	504	479	470	503	481	470	524	508	503	501	520	477	478	500	501	525	513	476	517	476	517	482	470	518	478	500	503	473	501	483	502	508	483	483	508	525	492	489	480	488	516	475	515	478	519	519	489	496	480	518	505	505	486	504	523	490	511	505	503	499	500	507	497	472	511	480	520	474	475	508	501	489	514	471	517	484	503	480	471	500	485	511	525	512	514	487	492	524	525	473	525	480	509	505	496	499	504	522	524	517	473	500	502	524	495	480	518	514	479	497	520	484	496	511	512	470	518	488	478	469	509	478	513	476	518	520	511	483	498	505	502	492	479	504	489	482	517	509	470	478	503	486	
490	510	522	514	493	483	480	510	488	525	524	469	514	525	512	472	515	482	475	507	496	512	496	478	493	485	499	509	518	491	479	493	479	487	475	506	517	520	476	491	496	525	525	470	525	500	520	506	522	490	473	506	524	483	482	487	513	499	523	493	474	482	499	475	492	486	520	516	499	522	473	515	472	477	523	476	475	520	501	500	475	510	496	514	484	523	501	520	506	475	516	486	489	501	509	522	488	514	520	510	515	498	470	497	521	524	497	518	525	508	506	492	485	489	521	504	490	520	469	475	513	502	505	489	489	516	497	482	523	477	501	478	497	470	485	519	484	471	471	486	512	516	474	484	479	475	494	473	481	486	489	507	525	488	525	491	471	469	519	491	524	510	498	471	512	473	506	485	524	472	508	477	473	507	487	469	469	474	520	489	
498	520	474	491	480	499	490	481	490	487	521	506	474	491	480	487	480	523	498	504	519	524	505	513	507	507	470	516	514	492	511	488	496	470	514	495	479	508	480	500	489	514	513	500	506	490	521	519	471	497	496	490	485	475	484	473	476	499	475	481	514	503	490	487	512	520	518	494	511	495	504	470	492	495	469	496	500	506	523	492	524	481	517	474	492	504	509	522	514	518	476	520	489	506	524	515	504	505	501	486	500	525	481	520	493	498	495	473	511	484	470	482	511	488	524	510	518	496	525	497	516	496	510	495	480	524	518	525	475	506	476	486	514	522	506	506	480	493	522	503	498	497	483	512	490	481	491	488	490	513	486	496	479	509	517	498	502	512	514	506	503	484	480	480	489	496	506	500	493	523	506	485	512	515	500	491	488	490	524	525	
523	511	507	516	474	499	512	487	515	504	514	492	476	480	511	517	479	510	503	504	495	520	513	473	478	525	516	491	498	488	501	487	520	472	509	508	470	480	502	514	501	524	486	511	492	486	507	481	495	487	481	492	511	487	507	478	507	474	474	514	469	475	523	484	513	476	508	475	482	512	518	480	471	507	509	525	513	518	478	481	512	479	493	493	490	502	510	477	481	523	499	491	511	493	517	479	514	480	485	509	507	471	519	518	506	504	507	523	523	475	481	498	471	495	472	505	501	514	494	481	513	520	494	470	485	485	493	512	512	509	485	498	469	499	474	523	510	477	514	481	505	503	508	475	506	475	523	484	496	479	521	472	487	502	500	483	508	488	507	470	498	508	493	476	514	484	493	495	477	470	515	506	476	480	516	478	474	506	480	501	
484	525	503	475	524	484	469	508	496	509	491	483	498	497	486	517	517	517	481	473	493	472	495	512	505	474	508	484	487	499	522	493	498	482	485	496	484	507	480	505	510	484	497	472	491	508	503	495	511	521	481	491	506	498	513	520	472	504	508	517	517	489	516	514	470	506	481	503	498	479	483	523	499	470	508	493	475	477	521	502	478	521	493	519	477	519	482	521	517	505	493	482	480	478	520	500	500	493	488	489	496	518	504	475	515	504	495	479	522	470	488	476	511	503	496	506	518	524	474	516	521	512	519	490	521	494	508	512	525	517	476	480	522	504	496	525	486	488	485	488	517	515	505	511	517	509	522	475	496	502	488	520	497	482	489	508	506	510	510	483	507	507	472	507	518	481	514	499	502	470	517	487	491	501	512	476	522	495	472	520	
475	486	511	520	483	524	504	487	494	489	485	505	490	482	493	511	496	483	499	505	512	481	517	513	469	496	493	495	472	476	518	485	516	485	496	497	474	474	477	512	484	516	521	484	479	481	474	488	478	483	470	518	481	494	511	477	516	474	497	519	469	469	525	511	507	472	477	524	489	482	484	520	484	479	501	507	520	489	478	525	477	469	506	493	471	525	499	511	498	488	507	514	498	501	518	502	483	471	521	482	513	502	514	502	516	476	507	499	508	510	478	503	505	479	488	497	505	501	509	515	522	513	507	516	501	495	491	470	522	491	484	478	495	513	496	487	507	507	485	521	490	483	515	490	491	506	475	490	475	514	502	494	471	498	512	522	512	524	513	486	524	493	481	515	511	502	476	470	502	477	510	489	473	476	495	475	487	523	506	515	
497	487	505	500	525	479	510	519	480	513	514	490	482	521	490	487	513	510	488	509	499	480	487	470	494	519	492	484	491	486	480	505	522	502	481	496	488	497	512	506	477	500	479	470	512	497	490	499	492	476	517	482	480	525	494	484	505	488	471	480	523	504	481	489	494	521	512	512	496	490	510	481	480	507	481	504	514	505	477	516	475	476	500	475	516	478	478	520	507	470	483	474	506	513	508	473	495	499	511	492	503	480	513	489	481	490	507	481	509	501	483	518	486	513	521	492	508	510	491	497	511	471	524	506	469	482	522	485	501	522	520	522	506	488	517	505	490	490	491	471	495	523	493	480	515	520	508	516	478	506	471	486	491	471	476	510	507	481	491	504	517	499	491	493	490	522	502	502	478	494	491	476	507	512	501	504	519	504	509	478	
482	471	514	474	469	490	500	479	486	469	518	505	493	472	493	496	480	496	481	478	514	500	506	502	506	480	516	490	522	477	517	509	513	483	510	489	508	489	495	514	474	508	510	498	503	525	473	508	493	516	498	513	496	482	478	493	505	498	469	489	514	520	523	506	481	491	513	496	514	524	494	508	495	480	484	476	502	518	484	504	489	515	512	493	484	503	504	471	508	477	503	524	476	472	502	483	479	508	488	484	496	512	474	496	525	469	488	502	480	483	505	486	481	470	520	479	483	478	516	490	506	503	514	506	517	470	507	496	512	469	514	500	492	481	523	508	522	486	471	508	484	488	515	500	483	481	501	519	513	484	502	504	512	523	513	513	505	499	477	512	508	487	473	516	471	479	510	518	477	486	514	494	471	521	520	512	471	473	525	519	
474	484	498	500	470	524	486	476	477	523	499	479	497	471	514	490	487	482	524	502	484	517	503	496	476	515	513	472	475	472	479	481	500	511	489	493	507	480	499	517	503	472	519	520	521	523	503	493	500	473	473	504	506	479	476	478	518	515	500	471	524	512	496	496	476	482	515	510	484	517	476	472	514	503	476	507	508	484	521	491	504	514	518	511	517	518	502	469	511	505	520	478	517	524	515	522	477	476	521	476	472	513	501	479	523	497	493	523	489	497	501	482	522	495	518	474	515	478	495	494	503	471	523	478	500	473	503	486	483	523	486	476	476	503	524	482	523	512	479	471	519	502	525	494	514	492	516	509	487	518	488	478	510	508	507	498	472	511	484	495	497	524	486	477	514	519	501	470	496	508	521	475	470	508	512	472	481	511	483	521	
525	493	484	509	478	476	509	501	488	505	482	492	521	474	492	469	498	518	484	494	484	515	520	501	505	474	478	475	514	513	507	473	489	509	521	511	509	508	514	502	501	512	500	484	512	499	484	512	489	495	499	494	486	481	514	493	488	512	525	510	497	487	521	483	514	474	491	475	475	497	482	502	475	503	479	525	480	490	518	481	516	475	481	482	504	478	500	514	497	507	513	479	487	486	486	471	502	510	469	515	471	523	520	508	480	490	519	492	476	513	522	512	525	479	497	520	473	518	503	509	499	525	482	522	513	486	523	503	497	517	495	517	491	476	495	489	487	473	515	488	508	507	484	493	517	515	495	499	491	477	522	491	472	473	492	502	519	479	499	520	502	475	519	485	504	469	496	504	519	498	506	493	502	478	488	488	497	522	495	510	
512	481	519	510	476	516	501	524	500	478	504	518	515	484	482	479	486	483	505	471	471	469	496	475	486	476	520	475	476	479	483	502	522	493	518	469	484	475	480	485	495	499	502	510	503	523	473	475	523	517	478	499	477	502	515	475	497	503	511	469	501	479	505	515	490	524	511	475	521	525	483	486	481	487	473	505	484	508	486	489	512	496	520	486	482	483	477	514	499	519	500	512	477	525	521	501	522	470	500	484	475	514	502	505	525	482	505	506	497	491	504	516	497	514	470	493	495	472	507	501	477	521	523	525	495	517	505	469	470	523	472	503	477	503	476	522	522	500	499	491	510	525	475	493	470	504	522	523	484	523	469	517	512	498	507	481	490	490	516	499	511	498	476	477	522	504	522	492	520	520	516	521	486	501	512	503	505	504	504	524	
476	488	473	511	472	512	481	476	518	493	517	518	503	492	476	490	474	507	519	474	507	515	500	501	472	484	514	504	515	491	476	515	507	482	480	494	484	517	518	488	478	515	478	477	504	509	523	475	503	511	478	524	500	485	503	493	525	481	509	482	521	516	505	486	493	495	518	519	480	520	497	474	476	510	506	477	487	517	516	490	471	481	497	497	523	525	510	521	491	470	508	498	520	514	487	495	488	499	511	476	487	475	522	516	507	472	505	480	504	483	518	493	496	506	513	477	515	513	485	522	521	513	512	474	475	476	520	484	490	480	496	485	506	503	506	485	497	523	470	507	475	513	503	473	507	493	483	483	492	502	491	476	474	477	502	517	514	485	511	490	502	522	511	480	469	482	499	473	505	525	496	490	523	469	493	523	484	489	501	511	
490	504	489	522	524	521	521	518	513	483	505	473	521	481	479	491	496	476	510	473	503	503	514	489	490	512	515	510	477	512	474	504	504	523	496	525	480	504	472	490	511	477	473	511	476	494	488	469	504	473	499	510	494	470	521	520	496	485	492	521	492	504	482	514	472	502	496	504	472	488	524	471	513	495	481	496	484	503	515	494	514	487	471	511	524	488	519	492	518	521	470	483	503	503	481	509	518	515	476	495	521	516	470	481	474	495	519	470	488	511	477	513	496	493	503	471	518	504	479	491	506	501	499	518	500	514	495	477	525	515	507	503	482	494	494	488	476	477	469	521	492	469	484	492	506	470	484	514	509	521	502	521	482	502	512	490	479	482	505	497	472	475	474	505	481	487	482	524	522	486	485	492	495	470	474	501	513	500	524	520	
511	500	510	497	502	470	523	480	491	524	502	487	510	494	506	522	490	480	477	495	506	483	470	496	493	485	508	480	515	485	497	488	522	510	515	505	488	508	487	494	489	473	519	517	517	484	491	501	487	474	472	513	477	521	513	517	481	487	501	515	517	496	510	523	499	522	505	497	505	501	500	511	517	495	516	506	523	497	517	520	512	471	513	497	480	495	505	509	475	485	481	492	478	473	488	493	490	488	478	506	485	497	494	495	520	505	508	519	504	473	492	469	469	485	492	475	520	504	516	517	482	522	517	521	512	514	516	509	518	478	503	525	513	494	502	498	515	524	520	478	479	494	502	490	478	490	473	499	501	502	478	491	491	512	476	518	480	521	490	487	494	513	483	487	492	517	523	487	517	518	476	501	514	525	482	473	482	481	488	496	
469	496	510	505	490	469	507	478	503	492	504	510	497	481	511	507	497	515	483	517	488	492	503	521	515	470	525	506	506	505	489	510	505	507	515	511	516	492	489	523	493	508	507	506	494	483	520	504	496	475	504	513	499	500	518	472	518	509	492	496	479	512	494	480	477	507	487	525	496	505	493	520	470	505	493	503	482	515	485	495	480	500	491	525	502	484	481	497	521	497	513	515	516	476	515	508	500	499	480	492	512	499	509	493	512	481	500	483	525	490	516	479	499	525	510	523	521	518	483	508	521	522	472	478	495	519	473	504	523	522	476	474	511	482	478	520	478	476	498	510	497	483	473	509	506	488	487	477	483	498	500	513	517	494	503	521	492	508	481	510	519	506	474	516	512	495	524	517	486	482	507	505	525	475	513	502	491	506	522	516	
520	472	496	496	506	508	521	480	518	485	522	503	505	493	516	480	497	471	506	470	511	483	521	517	474	478	497	487	497	516	513	516	493	503	474	498	492	520	498	502	496	487	469	508	475	487	488	491	476	512	518	476	494	469	522	522	472	519	516	500	470	473	489	522	491	482	520	525	489	477	477	518	474	469	492	475	475	501	511	488	469	497	493	470	481	509	509	474	487	504	474	479	478	507	492	477	519	492	500	524	511	489	472	506	510	510	474	524	480	481	492	478	486	495	476	483	500	484	500	520	520	474	469	515	490	491	512	519	512	516	522	474	519	489	522	525	515	498	519	513	502	502	508	484	482	479	483	522	504	491	478	489	482	502	513	512	510	482	521	489	493	473	470	483	511	525	523	478	521	495	518	480	502	501	520	499	483	506	501	525	
518	513	486	524	475	514	506	482	470	489	472	491	525	507	515	502	505	469	505	514	495	473	483	484	504	520	482	493	507	502	512	493	518	472	477	521	486	508	488	518	474	525	499	481	491	524	508	484	517	522	495	484	521	510	499	494	512	490	487	520	515	492	520	521	470	524	495	487	507	494	517	522	509	519	488	492	472	473	486	475	493	496	505	497	490	488	486	524	486	478	479	493	491	499	525	481	518	491	511	519	509	504	525	482	480	496	510	518	476	507	510	516	500	472	469	484	504	478	503	489	488	476	492	498	472	477	503	483	480	499	516	496	517	506	483	473	497	505	482	503	519	517	475	518	510	510	492	473	478	475	492	507	472	496	505	503	500	470	496	517	511	519	487	497	512	491	492	486	503	516	501	484	489	510	506	479	501	500	474	485	
476	525	511	512	490	505	496	492	479	499	490	485	492	480	478	485	494	486	499	516	521	496	515	524	498	520	487	490	513	480	490	497	472	486	483	513	469	510	470	473	479	487	518	506	482	516	474	521	496	485	505	475	513	483	503	484	523	513	486	523	523	522	498	514	512	478	477	495	489	496	484	494	525	495	485	484	479	508	473	475	508	503	474	511	497	471	510	475	503	511	499	478	516	505	522	510	525	490	491	474	487	512	497	507	488	518	503	516	514	500	525	485	469	501	494	525	524	482	471	480	515	520	506	483	481	512	487	520	493	471	513	500	520	494	485	507	509	501	479	469	509	478	476	502	512	473	514	513	523	469	506	477	525	522	520	482	520	481	523	495	514	517	472	476	523	473	493	524	498	497	480	485	492	497	508	494	473	486	484	476	
503	491	511	500	484	474	498	514	499	502	478	484	473	495	525	490	514	498	480	486	469	489	507	508	508	492	493	521	489	477	499	510	483	490	490	480	525	514	523	491	500	520	494	490	484	518	473	510	498	494	513	481	490	487	519	520	494	469	498	499	501	477	476	520	496	473	502	520	478	520	495	504	490	487	522	483	469	504	475	524	507	524	523	493	525	483	497	483	482	489	513	501	505	516	500	473	519	519	516	490	520	509	499	475	505	503	480	503	483	518	521	516	512	469	520	523	481	478	519	497	520	512	489	473	487	483	477	505	511	503	495	477	485	520	524	474	496	484	515	483	520	505	523	486	520	491	510	512	482	498	487	521	482	480	482	469	474	508	517	506	477	498	502	509	514	477	471	498	506	471	499	483	478	485	495	499	495	510	497	491	
485	503	525	490	474	511	487	501	517	486	518	477	501	493	494	476	477	482	514	513	504	469	506	481	504	500	469	522	487	505	525	486	474	473	512	520	473	495	500	497	510	476	496	504	492	519	472	495	490	471	504	521	491	502	472	507	478	469	496	502	524	484	506	499	525	472	480	523	482	497	490	520	519	513	490	525	497	469	475	485	506	489	496	521	503	517	506	513	508	474	484	469	485	480	476	490	522	483	469	496	490	514	481	498	505	493	518	523	486	505	491	516	506	507	508	514	474	494	506	476	497	493	469	499	476	525	500	472	480	483	509	504	509	493	505	474	480	496	487	485	475	483	489	509	470	496	469	505	517	487	521	506	524	483	494	516	508	496	469	511	522	512	524	473	502	525	514	508	512	523	516	504	483	504	485	524	509	488	476	502	
470	515	508	515	471	473	505	493	499	471	523	496	480	512	518	518	521	520	491	498	482	515	470	503	514	469	492	469	490	504	487	497	519	509	477	478	472	508	475	523	484	477	517	484	477	497	515	495	519	470	524	471	470	471	521	495	512	481	520	474	515	492	500	481	517	500	520	469	497	498	477	472	472	493	502	476	472	501	478	485	512	470	486	493	484	521	483	501	493	517	499	496	493	481	509	512	477	522	520	497	490	518	523	525	490	486	470	491	506	495	511	505	521	506	521	494	498	523	518	472	503	507	485	515	493	482	489	499	514	485	515	497	476	514	485	516	513	511	472	512	482	517	482	521	515	497	474	469	499	507	473	490	524	506	518	471	513	525	513	523	495	487	515	472	525	518	487	481	499	513	516	497	480	482	492	504	477	524	482	489	
487	507	499	481	506	499	490	507	509	525	522	498	496	482	525	479	510	508	480	488	493	502	509	470	497	503	503	504	498	512	499	477	515	524	514	520	500	473	487	517	508	506	490	484	496	469	515	502	494	489	488	489	471	496	471	498	471	513	498	478	499	509	481	517	506	517	509	503	514	512	479	474	470	492	520	523	486	525	524	509	515	500	501	504	494	514	506	470	473	523	523	501	494	514	485	517	492	495	502	473	479	472	482	518	502	510	501	494	490	494	495	521	494	515	519	521	490	495	493	480	501	493	469	475	509	500	503	503	483	512	517	523	474	482	476	471	484	515	513	516	483	515	497	496	480	503	471	480	476	507	524	496	503	504	500	503	482	515	491	501	491	498	504	493	470	486	484	492	519	469	482	480	510	478	500	480	470	473	517	524	
525	472	474	513	497	501	516	481	501	524	477	522	492	508	495	483	469	491	475	477	493	493	518	497	509	498	473	490	516	485	508	488	487	520	494	517	521	489	522	510	512	517	503	486	488	494	523	512	516	504	492	516	525	508	522	485	488	516	484	479	478	490	521	492	516	525	507	511	499	501	524	471	521	491	506	496	478	473	512	525	484	511	472	479	519	513	494	479	499	506	500	502	521	504	473	509	469	485	474	509	490	525	504	514	511	522	498	523	504	492	474	521	492	514	471	525	503	488	475	479	472	476	471	490	520	489	522	473	522	469	488	482	522	513	491	487	503	490	519	477	501	510	473	487	503	515	477	520	489	511	486	481	472	522	519	498	478	498	481	510	503	514	476	492	515	514	497	482	509	524	490	485	495	506	505	482	494	480	512	485	
472	511	519	512	500	523	489	505	499	488	479	518	470	474	516	523	514	520	519	509	487	501	493	497	510	485	488	524	525	504	470	510	476	477	512	510	522	474	496	483	506	487	504	490	475	503	497	502	522	500	491	519	524	476	512	482	487	493	496	479	472	516	512	484	503	483	482	496	521	510	522	469	509	472	510	488	490	477	491	476	517	489	509	470	481	477	471	474	492	523	488	521	481	487	503	520	493	515	484	514	517	470	497	471	499	493	507	522	488	525	478	479	493	519	483	515	481	525	507	516	517	473	511	510	474	489	513	491	473	524	505	523	510	495	484	525	521	514	489	521	509	490	510	521	511	505	519	508	481	525	482	492	478	483	518	497	492	493	515	469	514	518	472	523	519	482	523	508	523	518	509	477	518	513	473	510	496	483	489	482	
516	495	478	502	495	512	471	511	470	471	487	506	480	521	487	469	477	525	496	513	511	513	469	487	486	488	471	499	514	478	478	491	505	522	496	482	510	512	520	498	500	480	498	522	522	507	503	483	507	490	482	501	477	519	514	497	513	491	506	496	490	489	495	485	497	512	522	504	479	523	511	507	503	506	490	510	509	515	521	508	499	484	521	517	504	489	487	509	497	487	498	492	515	488	515	495	495	483	516	500	489	514	516	517	493	523	515	482	492	482	518	474	518	508	520	513	525	491	488	495	516	497	484	500	473	479	491	517	488	519	475	478	509	501	518	484	523	498	522	510	493	470	470	485	469	500	510	504	472	495	518	487	514	509	498	522	509	523	524	483	488	493	501	478	497	504	521	487	506	485	505	486	470	491	515	523	486	497	488	491	
481	478	477	489	509	474	486	494	523	470	525	500	507	520	477	511	469	480	513	522	514	471	509	502	486	522	513	492	517	485	479	469	486	481	521	476	473	498	481	469	505	522	487	508	505	494	516	514	520	482	487	499	495	475	479	486	478	506	485	515	485	474	511	514	519	473	495	502	501	495	521	492	485	474	500	520	506	497	501	512	490	515	509	520	518	510	490	518	518	502	491	525	477	489	519	512	519	512	516	504	521	521	481	489	512	518	488	481	503	472	512	472	512	504	518	474	497	489	522	486	493	508	471	489	482	503	500	495	483	522	471	522	488	480	489	476	499	478	483	508	505	518	513	487	513	490	506	518	489	482	494	471	476	503	472	494	472	476	518	471	499	515	479	485	501	509	507	518	515	491	491	517	511	474	492	471	518	514	476	491	
511	509	476	488	479	484	481	509	489	499	499	486	496	477	477	487	510	498	491	482	504	483	500	507	519	517	521	503	494	474	511	485	504	474	493	485	504	516	486	520	507	472	494	504	474	516	509	480	471	493	504	513	474	479	509	515	513	491	492	516	521	477	518	495	498	507	503	477	506	473	480	520	499	518	478	520	487	492	479	509	506	521	513	487	520	484	504	509	522	474	485	506	523	506	484	486	515	478	501	484	517	509	481	475	523	501	490	481	480	501	484	507	484	505	509	513	512	494	503	491	512	483	500	477	478	502	480	476	502	514	490	473	521	469	477	484	475	517	483	499	500	476	498	485	482	521	486	474	503	492	525	525	475	474	482	470	518	497	472	490	500	481	516	525	517	515	492	503	493	480	489	475	494	487	515	514	473	494	470	509	
514	515	471	506	519	483	485	484	504	517	509	510	472	482	496	505	517	511	525	515	503	497	501	486	471	508	502	498	512	499	502	471	471	483	480	516	487	478	480	469	508	487	506	492	507	499	504	510	508	511	477	500	470	502	474	476	471	523	516	494	519	479	506	488	484	473	518	469	523	523	490	515	491	494	481	505	505	482	496	507	512	525	525	519	514	494	507	510	505	515	482	501	525	519	517	470	511	488	479	484	515	493	470	517	482	508	483	480	519	482	497	515	474	500	478	506	525	485	500	513	515	522	484	479	519	477	506	499	523	506	473	481	478	524	502	494	495	516	525	501	498	500	481	483	485	479	524	518	504	493	492	473	489	488	492	519	490	498	509	507	503	512	487	474	497	508	493	477	489	493	523	521	480	521	520	518	494	471	512	474	
510	489	495	471	473	502	489	521	472	494	521	489	511	513	495	505	489	489	524	487	475	522	514	523	500	516	506	472	504	513	487	492	491	502	489	514	499	502	486	472	482	477	505	510	507	490	474	498	495	508	501	519	471	494	512	496	489	518	522	523	470	502	517	502	477	511	490	492	490	518	487	489	525	471	477	483	480	500	490	494	523	489	470	501	517	508	513	483	510	483	476	469	478	476	500	503	496	469	494	513	524	469	488	499	475	483	486	501	489	486	525	475	494	498	491	472	499	484	478	485	512	489	471	509	503	513	517	499	480	483	515	476	497	498	479	513	508	513	484	481	500	491	503	518	473	507	482	501	500	520	477	481	495	488	502	490	473	514	478	520	509	514	484	476	474	524	519	483	472	469	523	520	490	525	475	518	482	478	500	524	
484	520	502	519	525	500	488	482	497	488	498	524	522	500	500	485	518	509	489	501	487	496	510	525	516	523	504	505	520	516	509	518	476	518	504	483	503	511	492	510	483	519	501	491	515	488	508	516	505	482	492	508	486	479	472	475	501	517	522	500	486	519	479	476	506	500	483	488	491	490	518	500	492	496	509	521	508	472	474	503	479	521	520	485	507	473	470	488	521	507	484	479	513	477	470	514	475	506	509	500	520	507	483	481	517	481	472	499	498	514	498	517	511	510	481	480	478	487	479	515	510	492	498	499	501	483	475	490	474	522	496	484	485	520	471	494	520	469	475	484	498	476	487	505	507	498	491	502	505	499	523	470	490	480	523	501	499	478	508	503	487	496	516	470	471	501	509	520	506	472	471	477	486	470	498	520	503	487	515	512	
512	490	484	516	513	485	474	481	484	518	493	515	511	506	488	500	478	481	521	483	519	509	503	486	500	473	484	480	482	519	471	497	496	490	486	521	509	512	483	485	515	507	522	477	509	516	471	519	494	519	470	494	509	509	525	510	515	504	503	469	504	514	504	472	472	495	513	519	509	481	497	525	523	489	473	476	485	506	517	522	507	483	473	519	516	485	485	507	513	495	491	519	513	496	490	476	522	475	486	498	522	513	477	491	525	513	504	488	472	492	517	470	483	494	494	523	501	518	475	524	488	507	473	484	505	471	503	504	493	485	517	495	523	512	497	473	478	472	501	490	488	519	489	525	503	487	497	470	477	517	483	499	525	495	490	474	502	501	474	510	494	478	494	509	506	507	484	479	502	502	489	483	503	471	470	495	518	513	511	482	
505	478	501	470	502	522	507	522	491	507	490	501	477	512	507	517	511	502	522	499	481	519	522	516	514	511	469	511	479	503	511	478	513	488	507	513	518	525	517	491	502	499	520	473	474	519	506	476	487	503	482	523	504	518	505	509	519	503	472	520	493	495	523	520	472	521	492	479	495	520	481	480	488	524	524	502	498	490	481	502	489	500	514	502	505	482	497	510	501	473	524	487	494	475	504	471	499	514	494	501	480	473	500	523	476	489	483	516	499	521	487	483	469	489	512	519	485	480	500	511	508	519	494	482	494	508	504	477	483	503	477	509	479	488	484	470	502	496	470	525	475	519	500	482	507	488	484	475	518	480	484	487	490	469	490	489	489	476	523	496	470	495	477	475	508	470	487	499	489	477	504	509	478	475	501	509	491	523	500	492	
475	501	522	511	481	512	488	481	485	502	476	479	483	502	506	519	482	513	503	484	496	488	512	493	479	471	486	487	477	519	520	485	471	490	479	490	489	525	508	481	479	521	498	500	494	524	482	494	522	469	508	520	504	514	508	473	494	484	496	492	506	488	521	480	487	515	486	506	525	524	489	505	501	470	490	493	491	503	499	501	513	523	519	488	508	489	469	499	507	522	484	496	481	507	476	512	503	493	524	471	489	498	525	501	476	525	475	470	519	503	509	479	492	523	505	476	506	483	472	502	492	493	477	487	473	517	488	490	516	472	495	474	500	492	513	506	509	482	478	475	471	516	470	516	488	505	511	510	523	504	522	509	525	501	495	522	470	475	472	490	486	517	487	487	490	513	518	497	519	505	478	506	470	475	523	520	525	489	470	524	
500	509	522	486	485	498	483	503	472	508	510	487	487	491	472	469	519	479	520	525	479	501	503	474	492	507	499	512	487	487	518	486	483	487	498	493	479	471	498	525	476	489	491	525	523	473	512	488	494	514	483	511	515	524	491	517	498	492	505	523	483	510	496	496	518	487	496	501	510	473	476	521	474	500	471	476	512	498	524	482	525	469	521	525	522	469	470	510	516	498	497	484	497	494	520	481	488	475	522	482	495	525	508	488	514	486	512	513	488	481	515	518	494	495	469	483	471	519	513	484	500	503	475	519	499	496	518	507	479	505	478	480	469	475	505	473	504	484	521	503	501	498	517	474	506	472	478	481	486	505	505	479	508	475	522	520	479	518	505	505	514	513	503	477	506	495	495	511	488	486	488	510	473	471	480	512	515	511	469	495	
485	507	503	523	505	497	521	485	479	502	498	472	496	492	501	492	486	472	517	478	494	502	521	492	495	492	510	499	498	510	501	482	503	518	523	516	489	508	515	509	521	517	470	484	502	494	493	498	482	502	483	518	502	513	476	476	470	488	496	496	525	502	506	476	494	516	507	478	496	486	476	521	483	522	522	492	523	501	514	499	494	472	511	500	487	489	469	496	491	488	480	511	489	499	503	484	500	521	496	505	504	507	501	490	506	501	488	498	508	496	524	498	511	488	514	491	505	525	488	489	518	507	476	482	508	475	477	513	516	490	509	500	495	511	493	517	512	474	508	513	481	513	493	510	520	517	479	521	508	494	487	517	502	489	512	499	492	501	495	478	504	513	512	520	504	511	481	470	494	469	489	517	493	504	490	489	514	517	524	470	
521	497	486	484	500	502	480	503	512	520	488	501	471	482	473	472	499	521	518	518	514	511	518	472	487	499	502	477	494	502	514	500	511	505	470	512	486	489	475	511	510	505	482	491	473	506	493	475	474	491	482	506	493	492	488	493	515	516	480	476	515	474	483	494	481	507	525	474	485	491	493	507	470	521	510	499	475	521	516	469	511	503	499	474	515	469	513	469	484	485	481	477	505	525	514	480	521	487	504	501	498	515	506	490	516	476	483	518	495	485	489	483	471	524	495	501	519	473	475	507	493	503	504	497	506	506	525	508	505	471	501	485	498	470	519	505	485	499	498	523	476	524	522	518	506	506	504	481	499	516	486	522	517	512	523	514	517	473	502	502	479	499	473	517	521	473	513	514	509	481	469	505	520	495	472	520	482	486	519	475	
481	476	495	522	510	519	506	516	514	509	500	502	471	510	498	517	501	481	495	517	476	520	513	475	513	520	475	522	469	508	477	502	479	513	518	520	489	475	482	483	477	516	471	511	490	479	490	513	503	511	496	472	502	490	497	499	523	478	470	485	497	478	471	492	491	496	486	491	484	472	509	525	488	490	469	503	525	483	493	509	495	491	522	494	515	523	516	479	479	486	470	486	512	502	524	520	469	512	483	470	498	502	495	470	519	521	477	485	491	516	503	516	502	506	472	494	491	484	499	508	513	488	498	504	483	476	471	502	519	506	495	492	499	479	486	517	473	522	500	476	487	475	521	485	497	490	521	472	484	495	518	515	485	508	470	498	493	524	506	521	479	483	480	487	474	512	478	469	494	477	490	515	505	498	497	509	491	523	501	525	
469	500	506	481	473	510	513	474	495	493	484	491	490	479	496	471	499	485	506	493	479	510	472	507	523	482	471	509	509	523	494	479	490	507	503	514	474	498	480	477	522	514	488	505	508	492	514	500	518	493	510	512	499	524	472	479	488	493	470	500	500	505	492	522	488	515	499	486	502	470	504	486	493	517	493	496	482	517	522	520	507	517	494	492	489	472	496	478	506	512	509	519	474	470	494	491	480	491	497	494	496	491	492	486	472	492	524	516	500	508	523	501	498	489	503	501	472	490	472	481	478	484	500	490	479	510	518	496	514	471	510	484	509	473	490	500	504	520	486	494	496	486	479	494	517	511	514	520	475	502	505	508	476	499	516	494	513	522	495	522	476	510	491	489	476	482	511	480	522	492	487	486	490	504	483	514	513	523	469	518	
494	488	507	470	507	510	500	487	488	525	510	490	500	497	517	502	486	479	502	502	520	476	525	520	504	517	518	497	482	500	487	475	523	480	523	522	520	479	491	502	513	513	480	470	519	470	481	521	519	481	511	512	487	512	485	478	506	520	524	479	508	509	523	481	496	498	470	521	494	523	513	480	508	493	479	471	502	500	469	487	472	506	479	512	488	490	512	498	488	516	521	500	498	493	477	480	516	480	478	520	512	500	521	474	494	473	499	478	490	507	502	477	511	485	477	472	505	504	513	483	477	488	475	513	511	516	488	518	504	513	480	484	524	516	469	501	512	525	522	499	511	481	509	521	496	490	487	508	500	524	469	480	494	524	522	469	493	484	509	475	493	471	511	524	484	513	507	493	523	473	483	507	513	524	497	480	487	482	513	470	
504	507	497	519	523	511	509	499	475	485	479	510	503	474	515	506	524	472	481	522	511	492	489	470	487	522	518	483	484	487	525	480	484	522	475	486	480	506	489	502	505	521	516	474	490	486	486	489	503	504	501	480	524	497	520	504	495	514	497	483	496	521	517	493	507	522	494	517	505	519	483	512	486	510	471	502	489	502	487	509	497	472	489	469	474	486	471	522	477	496	487	517	493	475	495	522	492	485	476	512	481	478	516	525	516	488	480	506	486	479	486	493	512	517	523	470	477	490	485	522	505	521	486	479	497	486	492	504	486	515	514	523	499	521	482	473	514	469	517	521	508	481	506	523	525	516	498	491	472	504	478	516	472	495	501	484	481	489	478	469	477	487	519	483	488	517	480	523	504	514	476	508	507	519	471	492	473	476	486	478	
471	479	515	522	475	523	514	476	516	509	513	480	472	484	485	474	489	476	489	513	513	505	503	512	471	498	481	508	490	505	502	488	471	501	471	524	520	517	471	491	477	516	482	474	522	499	495	500	502	478	500	477	493	518	483	496	491	522	507	525	491	496	514	520	470	512	489	501	488	518	516	477	495	498	521	503	492	508	477	489	483	525	483	494	520	476	491	511	471	476	492	499	491	501	469	521	473	473	498	474	484	501	487	487	484	525	499	488	482	507	487	478	507	512	470	490	500	494	510	482	500	474	478	488	491	477	485	516	496	477	525	482	521	479	471	485	469	500	505	502	470	481	470	481	525	491	500	522	516	520	472	509	492	499	484	488	512	516	503	482	499	497	480	495	481	509	502	524	485	499	493	495	507	478	514	488	501	488	498	477	
522	505	504	476	490	520	509	516	469	501	515	508	505	479	479	490	469	476	498	522	495	483	480	522	500	490	524	487	525	469	483	510	521	497	507	493	473	520	513	522	483	486	469	484	503	481	518	485	484	482	476	472	490	487	480	493	508	511	497	477	477	492	497	492	524	477	523	508	490	510	493	522	497	491	516	517	472	475	469	471	518	519	471	494	485	501	471	506	511	517	469	502	506	479	505	514	518	514	474	503	509	470	513	508	485	476	480	478	493	510	477	504	491	479	510	517	479	489	500	524	474	510	519	471	492	523	519	470	478	475	484	485	518	521	472	482	512	508	517	498	524	489	510	470	480	481	507	503	522	511	515	490	501	470	524	509	515	506	499	524	495	510	470	495	491	500	513	489	472	479	470	496	518	514	523	487	492	508	518	516	
514	483	515	488	502	474	469	476	486	479	484	504	469	501	489	500	501	493	488	517	470	522	503	489	498	511	484	503	471	519	524	494	490	514	485	496	511	519	487	508	470	475	521	504	524	475	475	472	506	517	473	470	523	491	482	513	469	497	471	517	477	489	497	472	496	496	510	473	510	475	520	481	506	517	525	496	495	483	472	474	516	477	500	524	518	503	508	486	512	496	476	505	469	498	525	495	481	498	517	476	499	506	508	525	493	476	502	499	523	502	507	520	515	491	477	518	484	475	480	471	483	520	480	479	493	478	499	473	492	503	480	496	479	525	505	511	497	470	525	498	511	469	495	495	469	480	491	470	525	512	524	490	523	480	476	495	480	514	521	486	487	484	514	470	490	497	503	524	520	476	518	501	476	504	509	520	524	501	490	481	
470	503	491	496	523	512	516	473	470	505	506	517	523	508	480	520	473	496	493	518	493	515	485	504	491	490	496	501	516	481	469	521	520	510	482	470	480	517	501	513	492	506	501	469	524	481	504	479	521	511	512	484	523	501	475	469	489	515	516	523	500	486	514	525	489	520	495	494	515	499	477	487	521	478	501	507	492	492	487	473	518	495	484	491	478	507	511	477	483	483	508	520	515	473	505	494	507	495	503	507	519	474	475	496	477	508	471	489	515	494	522	490	482	484	473	495	499	488	472	480	516	493	476	504	519	517	510	490	479	474	478	474	481	488	522	506	490	473	494	493	484	517	502	476	494	474	518	514	496	492	487	498	490	480	493	516	509	513	513	523	470	482	484	477	504	523	496	519	515	482	508	486	517	501	480	505	524	493	491	473	
523	505	506	497	500	494	471	500	492	507	478	477	491	495	514	523	471	486	485	523	523	494	489	498	487	473	486	494	488	476	477	472	506	481	509	478	503	509	512	519	480	525	510	505	489	494	484	484	508	488	481	487	490	520	493	490	469	472	510	502	480	499	513	485	498	486	516	482	504	483	492	506	519	481	507	525	473	491	491	518	489	516	500	524	482	494	490	505	488	478	506	476	484	482	508	510	495	520	476	480	504	486	491	479	485	496	501	485	521	503	522	489	522	485	524	471	523	501	514	497	485	479	469	504	481	475	478	488	503	494	501	506	511	478	470	509	519	489	474	482	491	469	502	520	507	510	522	505	509	477	496	515	521	503	494	473	490	475	513	482	506	523	485	504	513	485	491	474	514	479	503	474	489	512	482	473	525	513	474	470	
518	503	513	496	525	485	509	490	482	523	495	503	481	478	473	508	504	514	481	513	501	509	471	515	523	472	487	514	494	478	510	515	525	498	472	479	518	481	516	497	491	474	516	513	479	482	505	486	509	489	499	524	501	523	512	509	507	493	517	524	516	516	511	520	510	496	489	471	478	472	469	474	471	474	511	490	479	508	519	479	491	486	485	510	519	516	472	472	510	500	472	510	506	487	517	491	484	506	491	483	506	469	516	482	495	503	508	500	471	482	484	523	506	524	483	484	500	490	502	470	489	469	497	476	512	495	502	506	519	511	507	485	482	513	503	493	480	494	496	488	503	493	476	483	501	472	502	475	480	489	469	493	472	512	513	485	515	470	477	518	506	503	519	514	476	500	492	499	503	474	471	525	522	507	512	472	492	505	489	483	
