120
180
217	187	201	209	187	181	217	170	202	191	202	222	180	216	182	198	214	207	193	198	219	183	176	203	220	178	213	205	226	178	185	194	213	172	227	219	175	217	218	174	173	205	202	170	206	186	194	223	194	203	231	205	180	190	192	169	180	213	169	187	171	223	225	212	174	172	188	196	176	178	169	191	180	210	192	214	210	202	195	200	186	223	201	222	215	180	223	219	226	226	175	212	200	186	198	215	190	174	219	174	224	223	173	195	192	205	189	178	213	217	182	170	189	186	223	185	224	214	217	211	169	179	183	200	202	231	171	208	188	169	228	213	217	169	203	180	177	180	175	191	195	206	213	171	175	207	194	215	213	223	216	179	198	225	227	215	225	190	187	217	206	222	223	169	198	179	185	171	191	186	179	186	174	178	199	201	223	176	173	174	
230	199	208	172	212	176	205	226	207	175	207	214	229	224	216	183	231	230	194	214	173	189	181	214	181	203	174	170	187	213	226	214	208	222	210	194	179	189	189	214	203	173	224	189	198	223	219	195	231	185	181	186	170	206	182	201	190	171	231	190	222	188	197	228	190	207	188	179	191	177	209	186	217	182	231	211	204	173	204	182	227	205	224	176	216	209	213	182	177	192	214	172	190	207	191	182	186	176	204	195	182	189	180	221	174	184	171	210	208	184	202	173	196	214	199	191	170	206	205	177	224	230	227	228	181	189	190	229	194	203	230	210	198	207	228	208	208	177	188	191	208	203	170	200	171	205	179	181	214	205	225	190	178	213	217	184	207	212	184	200	223	179	175	184	172	213	192	182	226	200	185	211	218	195	187	201	190	218	188	176	
218	197	202	193	194	210	207	200	177	230	216	190	181	214	218	204	169	207	185	219	183	184	174	221	172	219	208	228	206	222	201	200	220	184	174	177	210	208	228	171	206	169	174	225	208	229	198	192	188	224	177	224	194	170	217	209	196	227	220	189	217	202	199	188	193	197	204	186	227	215	176	225	223	187	216	198	206	209	181	201	193	172	201	179	206	225	190	197	196	226	187	194	216	184	202	170	170	186	209	212	171	169	197	171	210	171	187	170	224	206	197	202	210	176	180	180	184	215	177	212	193	191	184	187	173	182	188	206	189	178	173	175	170	193	175	172	228	193	178	169	186	210	205	185	230	180	197	227	187	176	192	192	225	230	195	210	194	181	228	199	211	202	227	221	184	170	216	170	197	183	174	190	182	217	201	183	201	170	204	196	
172	217	198	169	174	198	201	212	185	210	195	217	196	221	215	223	197	195	184	221	201	187	230	214	176	171	174	186	171	200	172	187	186	178	188	217	209	229	182	212	186	208	221	185	187	189	220	170	228	220	182	176	174	211	172	195	213	231	194	196	205	217	183	208	220	219	212	214	198	229	215	200	180	181	195	230	226	175	174	178	191	209	200	191	198	178	175	217	231	194	227	213	170	194	200	190	178	205	225	196	183	191	230	222	207	216	213	186	197	169	228	176	223	209	170	207	186	213	190	179	206	226	189	231	228	171	199	204	187	220	194	202	200	209	215	208	222	213	174	181	200	194	207	207	213	210	206	177	228	210	208	174	191	201	174	201	171	169	215	175	211	206	196	208	205	200	216	195	172	176	185	226	177	198	214	209	199	172	182	175	
198	228	214	202	219	184	205	218	174	197	207	183	202	193	187	174	179	222	191	183	178	189	221	213	180	214	208	178	213	177	175	218	208	216	191	217	218	229	213	170	229	192	216	224	195	176	191	202	228	188	177	200	182	216	182	226	185	210	228	185	201	224	220	220	186	203	169	172	173	187	202	217	177	230	224	217	194	229	211	175	228	182	213	221	172	206	227	174	190	175	185	170	197	224	186	218	204	173	209	214	216	176	197	188	231	203	179	189	171	227	178	182	179	196	225	215	173	178	187	211	181	204	208	179	186	173	200	179	227	175	172	188	179	229	180	191	211	170	180	177	200	205	204	226	171	181	186	186	175	169	171	178	171	172	209	179	222	231	225	206	182	210	207	185	198	195	217	173	212	223	223	170	204	221	190	181	204	208	210	212	
206	199	219	224	213	182	176	208	215	192	195	230	185	231	203	170	223	200	201	210	216	224	184	215	180	231	228	178	218	194	205	172	229	197	183	193	231	189	216	189	194	225	211	216	221	226	214	205	192	202	225	210	225	230	227	180	229	231	192	213	178	184	211	194	213	192	174	211	170	173	217	227	216	202	203	213	174	220	175	198	187	204	178	197	174	228	180	190	173	213	223	190	229	197	188	176	173	208	179	224	217	209	210	176	204	215	194	169	209	201	197	227	215	200	184	203	222	198	196	184	190	185	176	217	195	169	230	170	226	205	198	177	181	194	229	171	200	229	197	203	223	194	223	210	190	225	179	185	192	176	188	177	205	204	206	201	181	230	172	197	178	185	187	176	187	172	225	179	230	172	170	205	228	192	175	205	173	197	210	183	
205	194	198	196	176	206	186	225	181	196	217	215	193	197	195	224	198	221	223	214	220	198	174	180	230	218	188	183	196	231	189	209	211	195	172	176	201	184	190	204	207	224	215	223	169	178	186	184	206	201	171	175	200	213	224	224	173	214	184	171	207	201	205	224	193	184	202	192	182	202	206	190	179	199	212	227	199	195	169	209	193	179	211	180	224	178	175	191	214	176	209	197	175	171	178	171	199	204	223	183	205	196	198	192	210	199	216	169	219	207	219	214	194	189	178	203	227	227	197	209	186	178	176	171	213	194	229	189	188	206	200	185	193	183	180	171	213	191	209	213	182	178	188	195	214	178	229	170	175	203	183	222	174	180	197	213	194	180	211	199	208	180	226	212	213	216	206	230	199	198	211	211	170	214	191	183	201	195	179	207	
191	185	171	183	207	178	196	175	193	194	186	179	193	208	193	229	225	215	211	229	191	219	199	207	185	183	194	194	198	173	178	189	215	201	173	174	215	204	204	226	186	169	172	229	218	180	195	197	182	220	224	179	175	179	231	196	185	180	193	189	188	190	205	193	211	172	214	221	206	178	227	191	213	214	198	194	177	193	229	207	220	200	176	178	208	206	182	169	227	177	230	228	208	217	183	201	213	191	205	205	195	179	181	199	188	180	196	216	183	185	173	212	218	225	190	184	227	182	189	216	216	188	208	228	192	229	210	220	229	207	231	178	177	225	211	221	169	221	196	204	202	219	175	216	171	209	217	230	229	198	209	214	190	197	225	192	225	203	173	179	169	206	196	174	218	220	188	198	172	200	212	222	179	227	199	198	207	219	202	222	
226	193	201	193	223	219	227	190	218	218	223	178	193	201	175	201	169	174	182	175	231	188	172	223	184	175	224	198	206	196	187	229	201	216	181	186	230	191	191	221	228	187	170	192	202	170	200	185	180	202	181	180	207	216	220	221	185	231	228	176	193	204	192	224	181	210	203	181	190	190	211	200	226	170	224	169	208	197	188	180	201	212	213	206	202	204	174	183	231	199	230	201	221	218	195	231	197	174	212	210	170	227	203	182	193	214	187	205	226	169	192	177	212	227	218	219	177	213	189	208	213	197	226	206	199	228	207	208	220	208	205	185	178	172	217	226	216	209	191	194	180	206	220	217	215	212	176	230	212	218	203	218	207	188	213	170	209	194	230	211	184	211	180	209	195	178	222	213	192	223	180	184	201	210	203	174	185	173	174	171	
201	202	226	196	224	209	208	179	196	191	206	218	205	170	229	179	174	182	170	192	201	199	217	217	217	186	228	181	226	221	217	224	192	170	220	218	175	218	175	221	180	192	172	202	210	190	172	173	178	177	179	199	174	188	228	187	221	208	219	189	172	180	205	226	185	182	205	198	180	192	201	199	199	169	197	227	170	210	178	204	221	209	231	192	212	226	226	193	228	225	210	213	170	201	226	227	218	231	219	194	209	229	191	171	189	180	178	196	201	199	188	220	177	220	198	186	186	230	191	196	220	172	189	184	169	203	198	191	228	207	210	209	230	182	218	228	211	224	201	195	221	205	176	180	223	194	204	203	228	229	183	217	202	224	211	188	176	225	211	194	213	171	231	204	228	227	180	200	208	192	228	189	213	175	206	170	219	193	225	219	
206	223	214	194	189	217	181	169	208	197	225	205	206	216	199	170	170	217	196	226	228	216	174	211	195	229	173	189	224	180	172	216	208	207	208	221	199	215	210	175	220	226	211	214	192	222	185	198	196	190	216	182	172	207	199	197	205	175	209	192	215	206	180	202	214	229	187	185	200	174	228	169	170	182	198	187	201	203	231	215	212	206	209	182	174	186	175	175	184	219	193	214	211	190	188	172	202	216	209	222	196	217	182	180	219	187	183	178	213	204	230	193	170	192	207	229	171	169	170	213	189	196	172	221	190	208	226	200	195	228	183	186	172	197	208	226	203	208	180	217	209	219	186	231	212	195	218	212	186	223	181	229	209	174	182	208	214	171	182	204	209	212	182	185	219	184	173	196	207	171	170	183	206	212	176	226	177	220	175	194	
194	186	203	227	197	222	195	198	218	195	229	185	225	207	202	220	181	206	214	173	218	189	175	188	178	216	189	198	171	184	207	215	228	196	231	218	216	174	199	177	201	169	187	211	229	214	201	206	216	197	180	205	195	220	194	195	194	227	210	188	209	193	210	181	208	175	194	230	214	184	188	170	208	186	190	193	216	221	230	197	224	187	191	195	195	212	218	227	196	183	207	215	201	183	193	200	197	187	214	212	209	220	201	203	177	197	209	172	220	205	171	172	189	210	196	211	220	231	170	186	186	193	191	213	221	199	181	229	203	175	219	180	225	222	190	171	172	189	211	171	202	174	200	215	206	196	220	189	226	212	204	219	218	212	174	208	223	172	231	202	188	214	185	211	230	208	208	203	184	205	178	219	187	231	217	214	213	178	223	198	
205	217	221	188	174	202	210	221	178	220	227	188	193	223	215	211	176	215	178	176	216	205	180	202	214	190	210	226	208	199	188	223	190	204	213	217	226	217	227	184	176	213	180	210	171	174	185	210	210	222	206	174	180	188	218	185	188	193	221	190	192	190	191	188	191	209	208	216	177	227	208	177	182	177	200	206	229	204	169	205	175	192	187	213	223	179	209	203	170	209	214	224	203	225	208	172	209	217	223	174	207	186	172	190	221	217	194	171	204	199	207	221	222	200	189	226	176	184	188	187	176	195	187	176	176	195	184	205	209	195	229	223	171	184	210	180	171	191	177	183	221	185	192	180	183	211	205	221	194	229	208	177	177	215	207	223	226	189	191	179	218	170	221	170	215	215	215	225	192	171	178	190	185	211	178	194	182	191	211	173	
219	193	174	206	170	206	206	207	193	219	197	194	173	218	188	193	194	220	205	216	177	210	212	231	209	217	200	200	193	203	199	231	184	219	225	180	211	184	181	191	186	217	209	205	177	204	223	191	223	225	214	229	202	213	205	196	170	221	181	190	206	169	231	225	230	171	226	214	216	171	182	178	180	213	206	212	183	212	184	221	189	231	172	193	179	210	200	178	182	193	187	176	203	198	209	194	219	222	230	186	193	228	178	171	190	190	183	211	198	172	229	202	192	229	219	223	205	207	223	200	188	200	171	193	171	201	222	221	205	201	206	196	208	188	183	193	198	199	176	201	181	210	192	202	188	229	194	170	181	176	207	198	223	180	185	222	229	181	222	176	231	176	230	181	175	183	217	217	179	218	190	191	174	209	171	172	221	219	191	218	
220	201	174	209	193	169	188	182	205	202	224	215	218	175	181	185	174	213	213	229	186	225	181	189	177	172	228	206	222	200	190	196	222	193	184	219	224	209	206	226	219	226	191	230	175	222	194	218	191	211	174	187	187	211	172	182	187	221	192	179	217	221	199	217	214	231	187	195	169	221	198	208	171	188	220	169	212	175	172	214	177	209	222	204	224	203	174	209	213	223	196	182	184	188	228	205	172	205	170	206	195	189	183	211	188	230	219	192	225	187	189	200	170	181	224	221	171	223	210	177	201	181	201	174	190	217	208	231	181	204	187	185	199	206	225	190	193	221	219	171	197	173	187	212	190	221	193	171	225	228	170	220	223	204	170	173	185	195	187	197	182	180	200	189	226	183	216	188	218	197	228	173	210	187	227	231	229	188	173	196	
185	177	197	218	212	195	194	174	209	185	200	222	198	218	218	203	224	203	174	229	193	230	211	194	221	177	194	175	206	226	230	173	189	207	197	220	213	199	181	229	193	190	197	187	204	194	221	231	213	184	230	224	201	183	192	230	215	226	192	207	207	197	224	178	197	228	190	176	176	212	191	173	177	187	181	223	174	192	231	186	197	203	213	184	201	217	198	170	169	220	190	202	195	210	200	180	215	197	204	182	222	186	202	218	196	202	201	169	197	170	216	222	194	200	193	184	190	186	174	184	186	191	184	194	190	196	220	211	206	226	176	190	222	224	206	192	219	191	204	206	192	193	192	173	177	192	179	212	230	171	205	198	188	223	196	221	207	222	218	193	207	190	215	209	190	217	208	201	169	181	189	188	177	182	169	175	174	188	171	212	
185	172	209	170	215	220	178	177	187	203	189	177	183	184	196	226	180	224	193	185	207	170	172	189	208	214	189	199	191	215	193	183	217	223	176	201	207	208	213	202	229	190	227	210	212	206	171	204	224	225	186	187	177	213	219	198	227	195	198	191	169	177	171	182	212	210	189	222	179	204	186	219	198	178	177	189	223	208	208	187	196	177	195	198	218	194	221	173	186	231	228	182	182	209	173	174	197	173	208	170	203	205	225	176	204	180	227	203	170	191	194	190	212	219	186	172	195	218	210	173	182	180	194	210	199	194	207	178	198	198	177	227	183	199	226	202	189	188	231	221	209	205	197	198	194	178	172	185	210	171	214	200	224	210	210	224	175	186	200	176	191	183	215	204	206	189	174	213	173	181	210	209	206	169	225	179	209	218	225	175	
171	185	177	230	195	226	195	171	212	211	174	212	196	208	225	173	172	228	223	226	175	225	182	195	227	170	227	213	193	170	181	213	213	213	192	196	223	193	210	186	211	194	194	169	222	186	181	215	180	186	212	228	202	215	204	214	179	213	194	220	194	203	185	170	173	203	231	210	197	188	223	218	199	193	191	203	203	179	185	197	197	230	210	185	227	203	217	184	198	181	191	189	194	219	220	223	226	183	205	218	217	217	229	205	188	221	222	214	216	196	187	206	223	228	201	215	215	201	181	192	218	222	196	222	181	195	205	175	205	227	225	220	227	227	193	180	171	231	208	194	228	218	213	218	205	227	182	221	212	186	172	223	212	195	197	191	173	179	171	174	195	217	175	199	169	223	205	201	192	227	210	228	174	217	224	199	228	205	223	220	
222	200	205	210	185	213	187	191	210	211	224	182	181	217	208	185	198	228	221	214	201	179	215	207	188	174	170	208	224	215	220	225	201	229	217	218	204	212	170	193	222	219	207	228	197	217	189	197	181	217	205	171	177	202	203	218	179	200	214	185	228	180	169	189	208	206	214	187	191	228	189	184	220	174	199	198	229	212	196	188	194	186	226	217	185	209	190	209	178	225	222	221	222	213	185	222	200	180	227	184	175	197	185	208	169	224	194	172	211	224	215	207	203	225	199	227	183	200	194	214	203	202	194	197	229	205	210	186	220	189	215	216	175	203	195	216	215	222	204	231	185	200	218	227	213	185	198	194	213	191	224	193	193	171	220	192	229	192	171	194	196	189	213	231	221	220	229	175	191	226	209	199	184	224	211	191	190	194	195	184	
174	231	171	222	223	170	215	221	228	195	219	197	189	213	213	183	205	215	230	198	191	213	196	185	204	209	219	195	205	185	179	206	203	218	206	183	217	190	188	222	216	204	216	214	201	172	217	179	190	199	228	218	220	201	204	207	208	211	203	170	196	211	203	197	206	200	210	206	202	179	174	174	170	217	191	206	222	184	225	181	205	184	169	180	216	201	188	171	224	231	198	217	189	220	203	218	199	181	206	189	174	170	181	204	202	178	176	190	209	205	169	198	217	208	217	183	176	214	220	183	215	211	169	190	182	201	222	180	171	180	203	187	209	206	204	199	190	218	190	170	176	218	229	197	176	227	209	202	216	196	193	227	222	209	231	175	218	202	230	173	219	202	210	230	175	210	187	208	176	169	189	196	188	230	227	194	187	220	227	210	
189	219	215	222	224	180	197	227	191	210	217	199	215	196	189	169	230	230	178	198	189	220	219	185	209	186	216	223	220	193	172	187	208	200	222	209	193	217	218	205	175	186	218	186	184	169	205	199	196	185	224	195	208	201	204	194	172	213	190	194	171	187	199	201	177	180	230	171	191	222	181	188	187	223	179	229	222	207	200	191	204	197	191	182	193	189	206	206	197	187	184	179	205	208	170	228	214	231	173	221	176	228	184	198	190	227	194	171	226	224	194	172	199	184	208	170	227	209	184	216	198	224	219	169	174	171	169	207	192	217	182	172	228	218	226	210	205	210	211	219	214	220	217	188	181	201	199	218	225	195	212	181	173	217	206	202	209	213	221	200	229	204	172	202	209	206	229	174	183	216	190	226	171	171	186	193	175	201	199	217	
180	187	196	200	189	231	178	224	177	185	207	185	172	170	230	179	180	188	225	189	197	197	170	200	171	193	222	177	169	230	227	209	170	186	199	215	210	221	198	210	201	228	185	208	197	215	212	208	185	202	228	183	218	207	231	222	170	207	189	184	223	191	214	201	173	192	210	206	183	194	178	227	190	191	189	228	184	200	177	228	184	194	192	178	189	177	206	188	202	205	201	201	185	212	193	183	225	213	173	176	222	191	217	176	218	184	200	191	174	218	223	174	196	174	193	226	176	186	231	206	174	226	186	196	194	195	180	213	184	219	203	197	171	228	218	218	197	213	170	208	224	176	192	202	219	174	186	209	176	184	185	220	191	231	197	187	179	190	214	176	175	190	179	185	215	200	173	215	216	171	195	183	205	207	209	175	181	225	179	182	
226	200	176	224	190	223	175	190	181	211	207	169	181	229	182	191	231	170	178	211	231	185	205	230	208	212	218	221	172	173	225	178	186	205	229	214	218	180	197	172	206	176	198	174	213	231	172	181	210	175	176	222	202	218	225	208	184	180	223	188	170	214	221	194	176	224	203	180	170	188	178	184	202	222	177	200	170	204	205	204	211	228	173	227	207	182	228	220	218	180	204	228	177	224	222	171	173	230	171	220	196	221	184	208	174	176	196	222	181	200	171	220	217	179	178	184	201	173	173	229	174	223	217	174	195	192	221	169	169	208	202	193	224	207	218	183	189	196	183	206	198	171	173	190	227	178	205	208	187	180	188	179	187	203	214	202	184	186	175	184	199	177	207	219	196	180	218	171	213	171	198	189	224	170	231	204	208	221	186	205	
219	201	214	205	210	223	219	171	179	211	179	186	227	208	223	169	198	192	186	217	182	200	181	169	228	190	190	221	191	211	193	203	191	183	224	181	222	188	218	171	214	213	169	174	218	174	205	199	223	195	224	213	214	198	219	199	216	188	202	194	173	184	180	215	170	203	219	224	186	229	219	217	231	210	169	197	208	205	189	173	189	223	215	218	208	193	218	228	169	200	194	190	229	221	211	206	230	220	182	226	197	185	181	225	182	176	222	185	216	202	228	205	214	177	183	206	177	173	194	229	183	216	207	175	194	219	169	229	186	217	210	218	193	201	228	179	196	230	195	202	179	211	180	206	175	169	200	170	188	212	223	171	216	214	229	191	188	183	205	169	186	196	192	181	180	206	187	231	188	209	186	224	172	206	211	221	174	186	207	194	
184	188	216	202	199	183	199	202	200	175	220	188	196	204	216	206	184	222	184	182	179	174	186	204	184	173	180	220	223	229	218	191	212	198	185	210	178	206	200	196	189	231	215	203	177	203	215	205	210	223	186	175	227	201	220	222	178	206	194	194	179	174	220	205	192	212	226	224	213	214	217	178	230	226	203	206	185	204	183	177	178	186	228	194	195	198	231	211	191	210	171	211	219	185	178	218	181	189	200	204	216	180	181	207	213	184	231	184	189	211	203	222	191	174	213	199	195	188	210	219	225	187	188	190	195	226	203	216	180	226	179	169	185	171	221	212	181	227	207	170	218	214	202	214	188	224	185	176	223	222	181	215	207	227	193	222	175	204	215	171	225	202	229	192	203	219	223	202	202	230	198	187	182	175	212	201	216	189	201	188	
170	200	200	207	209	206	182	192	205	228	189	199	172	227	176	175	188	223	181	229	207	209	170	225	198	206	204	203	191	194	208	224	225	204	171	172	174	222	209	193	185	218	180	221	177	176	191	226	217	179	200	194	176	230	191	210	177	183	196	228	228	202	204	217	193	221	194	175	221	221	220	206	215	169	191	210	178	222	214	217	228	185	195	201	173	230	212	176	213	231	205	195	187	198	172	210	183	225	179	174	191	213	222	176	223	226	224	208	228	226	212	231	192	176	187	172	198	221	183	229	182	195	170	184	196	207	194	193	183	178	222	217	171	194	179	204	201	184	170	205	229	231	190	191	178	209	179	220	223	220	209	195	208	221	226	198	206	181	173	198	230	200	212	215	182	196	210	207	185	200	230	226	226	171	216	230	223	174	229	214	
217	195	221	209	186	201	206	209	178	174	174	213	208	192	231	180	209	171	192	181	229	189	223	220	209	187	211	207	197	225	191	208	187	215	178	194	185	211	215	220	189	215	179	227	192	224	179	217	195	198	202	228	206	220	184	212	203	172	214	217	187	196	213	205	171	171	178	212	215	199	202	169	176	229	219	213	204	205	207	174	190	195	198	219	173	184	189	194	223	202	213	172	196	220	187	218	217	222	199	175	169	203	191	179	189	217	205	190	190	173	219	197	180	206	176	195	170	203	207	206	170	186	174	223	209	202	180	178	216	221	203	227	189	178	203	171	190	193	178	172	188	191	218	193	177	226	217	205	189	212	192	199	212	190	187	196	180	204	207	211	183	182	181	201	193	179	186	222	193	216	205	196	182	196	196	209	197	219	225	222	
178	211	198	178	173	207	217	219	176	203	182	226	180	182	184	176	189	200	227	182	188	198	208	222	179	186	176	203	226	202	176	203	212	228	175	179	213	206	195	192	225	221	217	183	210	225	185	193	225	191	183	191	217	171	219	229	191	225	192	185	193	215	200	201	218	185	174	174	181	221	185	228	199	187	208	185	191	183	206	197	200	222	172	213	230	220	191	174	186	185	228	225	224	228	183	181	173	222	188	187	215	193	196	198	229	186	170	174	176	198	210	188	180	197	182	226	228	181	217	217	184	169	222	179	199	221	192	195	230	230	204	193	212	231	209	222	216	212	210	171	221	200	193	216	197	208	170	197	199	224	201	188	227	211	188	219	193	223	203	219	230	190	207	204	188	173	224	207	209	202	224	194	231	201	216	209	222	224	208	191	
220	204	182	205	187	187	174	179	224	228	200	201	218	215	226	204	189	202	198	200	196	183	231	226	224	187	215	221	195	225	178	228	227	231	199	172	225	178	169	223	175	177	198	228	205	203	209	211	176	221	216	178	177	203	185	187	198	170	185	220	178	226	180	214	200	216	175	217	214	210	209	207	227	171	180	226	209	218	227	185	219	224	217	197	186	227	201	175	201	174	193	207	200	215	192	215	203	178	226	208	198	227	227	219	223	217	173	204	198	193	209	188	220	218	201	228	178	225	196	214	181	186	213	230	207	193	195	175	220	229	195	204	182	209	226	189	197	226	190	217	224	176	215	231	231	182	184	171	225	223	171	231	182	214	182	179	175	210	206	176	171	184	198	204	228	184	178	217	198	195	189	181	211	198	224	217	181	197	175	220	
184	213	220	202	203	180	176	211	210	170	195	209	204	176	195	190	228	222	172	202	209	182	207	180	212	213	169	223	221	170	205	189	231	221	213	227	231	185	226	171	171	214	215	190	207	177	195	230	192	186	207	192	171	205	202	231	196	175	175	216	195	230	190	185	226	210	222	183	187	180	190	201	169	193	215	213	218	198	204	210	227	204	212	180	176	204	184	172	222	171	203	204	171	189	228	191	175	218	207	215	217	219	209	185	170	196	217	207	180	184	214	226	215	174	228	219	196	176	199	177	198	216	182	172	197	206	173	187	224	169	187	222	200	206	176	199	226	170	205	208	171	208	183	191	170	177	192	205	183	231	193	198	179	197	189	190	202	175	180	182	182	173	199	182	211	225	188	176	175	229	203	173	230	229	206	211	191	217	220	185	
213	225	180	209	201	217	193	178	228	205	194	230	208	220	188	196	191	190	215	181	181	176	188	230	217	229	230	230	181	229	192	203	218	204	197	212	222	213	190	193	169	187	216	213	216	226	219	174	212	198	199	203	226	213	229	211	214	195	172	195	229	180	205	222	204	185	203	229	171	191	200	201	204	205	203	196	227	218	174	200	201	176	213	172	183	221	182	207	222	208	210	224	200	204	170	169	174	219	202	200	219	175	180	213	176	195	170	219	201	209	198	214	214	196	173	204	223	207	175	172	199	201	208	190	210	202	194	171	230	193	230	213	228	206	169	169	210	195	199	197	209	175	170	216	191	182	176	215	172	221	187	189	213	184	216	212	202	220	195	176	181	181	192	170	216	199	191	192	188	181	230	210	216	224	211	175	209	201	225	177	
228	222	177	222	196	218	224	223	205	201	183	173	181	220	182	213	212	196	221	213	207	172	227	205	172	171	179	214	220	177	192	194	217	182	221	197	192	211	184	192	214	218	221	226	201	172	180	207	192	191	206	203	218	201	173	189	202	206	170	231	181	210	180	171	225	219	213	205	224	201	177	190	216	218	222	221	227	183	203	219	226	225	190	230	178	219	213	174	196	174	178	224	184	209	217	188	176	210	176	202	172	219	186	221	181	181	199	228	174	199	231	179	198	191	184	190	183	206	208	220	208	203	225	214	214	207	230	188	188	198	203	171	201	203	231	227	173	206	189	191	205	226	230	193	176	211	197	177	228	196	179	210	202	219	214	220	200	193	173	185	221	182	225	178	195	179	227	201	221	189	216	191	174	171	220	169	183	216	208	176	
212	202	191	191	202	229	174	216	195	221	183	180	193	206	201	199	184	180	213	176	192	173	209	181	171	184	214	175	201	224	217	196	181	219	181	222	226	209	213	207	218	186	227	171	211	199	185	182	199	189	221	170	178	183	181	191	222	170	214	223	169	222	186	171	169	196	210	197	228	210	213	205	218	183	221	215	220	212	176	220	206	225	184	193	202	222	219	197	228	222	199	207	194	172	209	175	221	230	204	170	183	185	198	212	222	195	207	212	177	186	173	202	192	217	176	191	226	228	182	205	176	218	199	203	208	169	216	227	169	195	223	175	214	207	182	218	189	185	224	171	214	180	188	226	225	204	170	202	181	189	193	176	199	213	231	221	219	177	230	174	199	230	190	205	197	231	209	196	189	170	210	189	181	224	180	198	172	231	206	207	
208	187	180	170	219	194	211	217	213	198	181	214	224	223	196	179	195	224	205	210	201	197	201	207	208	218	218	190	203	212	199	172	185	217	208	206	178	214	193	220	223	219	206	188	193	224	196	217	222	203	177	216	213	189	217	224	211	178	209	177	184	183	171	225	180	230	230	220	224	172	197	225	210	218	226	185	220	217	225	185	189	209	199	217	226	211	202	199	199	176	202	182	211	196	190	179	226	172	203	177	192	171	214	201	204	174	209	189	188	188	209	183	212	173	183	202	216	175	197	177	187	231	173	194	226	205	206	215	177	221	202	213	185	187	201	184	179	196	202	180	211	209	204	225	208	221	230	187	184	222	180	219	178	220	208	170	191	222	179	201	212	185	212	171	185	228	205	191	184	193	228	194	197	227	214	189	226	173	224	173	
201	175	176	169	222	203	209	201	228	230	184	212	215	187	215	204	219	180	204	220	195	204	193	206	175	228	223	201	193	185	216	195	186	178	228	191	185	214	173	172	222	230	171	199	191	208	170	177	211	222	221	214	177	178	207	210	173	177	230	190	224	223	176	228	194	191	194	206	170	219	209	199	222	195	208	189	194	182	171	211	191	205	196	177	182	183	170	205	227	214	215	205	231	218	175	227	222	215	187	174	181	217	227	224	169	196	220	215	190	197	181	226	175	211	196	231	169	174	208	216	228	181	212	170	203	216	203	228	212	211	182	216	220	205	206	181	203	196	229	175	226	189	228	195	187	223	189	185	226	229	218	171	198	230	203	185	228	186	176	196	212	220	186	227	183	205	207	175	210	217	181	221	202	175	171	230	219	188	229	231	
219	224	198	207	229	182	190	177	201	207	207	199	194	178	203	203	206	185	225	178	195	192	174	219	195	201	174	187	224	216	185	206	203	193	174	187	218	171	205	217	217	169	228	200	214	207	192	207	194	221	191	199	198	193	185	180	188	174	177	180	185	174	204	199	173	220	222	222	214	228	214	227	177	216	210	217	182	176	202	194	215	186	214	206	180	172	215	231	189	213	185	205	202	219	183	177	197	192	210	180	211	205	195	213	208	223	174	225	209	210	187	224	220	183	182	176	226	198	211	180	203	220	199	181	199	171	212	224	190	173	229	176	196	175	173	215	184	200	200	215	224	200	213	185	227	231	200	202	179	225	205	218	223	231	199	193	196	214	208	175	174	228	215	200	180	169	172	199	202	222	213	202	185	188	182	169	171	222	170	203	
170	177	206	182	221	170	169	230	210	222	186	178	187	208	185	200	208	203	219	196	184	216	206	231	201	212	209	176	185	187	221	198	208	196	200	183	179	219	183	209	230	197	189	230	219	176	175	216	202	172	231	210	197	227	193	203	206	202	212	208	218	196	200	202	175	186	207	171	182	203	214	198	209	217	179	227	184	213	175	201	197	201	190	228	172	182	172	199	193	222	172	188	227	197	180	209	214	170	187	222	229	215	213	181	202	206	188	189	179	217	184	229	206	209	183	209	187	200	228	186	178	218	193	205	231	229	210	222	225	194	172	229	200	206	203	199	224	217	208	230	189	199	203	209	213	218	215	192	227	179	209	182	218	204	224	193	187	175	207	224	175	194	224	222	183	177	231	229	219	199	227	170	210	177	210	210	213	227	207	202	
212	210	224	187	201	206	219	203	177	201	216	203	209	192	208	184	183	231	178	217	183	223	188	188	174	182	198	217	217	228	198	171	214	206	201	173	203	170	203	186	176	217	194	207	179	182	228	176	184	171	219	195	213	196	174	172	231	173	191	200	204	178	219	179	201	215	199	186	193	170	169	171	172	215	175	186	231	218	172	209	213	230	206	186	211	191	186	228	184	200	230	209	175	179	195	188	199	210	221	199	226	208	182	175	171	179	197	203	184	188	202	184	227	199	221	225	179	222	223	218	179	170	195	190	227	188	214	225	187	226	174	204	187	199	230	227	183	228	199	206	216	218	171	183	215	222	228	193	214	212	192	215	202	203	203	212	189	189	200	226	184	190	204	200	223	228	212	207	187	180	197	198	189	208	209	230	201	196	190	193	
172	174	173	211	181	199	174	176	219	228	229	231	181	193	204	189	179	193	176	213	170	178	229	200	173	228	180	226	196	205	189	226	222	185	197	230	174	218	179	196	181	197	174	208	174	197	198	206	196	181	200	177	205	217	212	220	209	217	175	177	193	187	190	229	187	192	190	178	212	172	203	227	169	206	196	201	185	183	198	201	208	206	175	213	208	172	209	175	207	217	221	181	200	221	177	206	204	217	199	190	224	186	220	205	212	211	194	186	200	200	169	183	182	180	222	198	181	203	177	170	203	180	210	204	192	204	213	205	195	206	211	187	223	195	230	228	198	199	188	185	204	221	228	175	176	169	211	216	221	178	179	182	181	201	228	214	194	198	183	177	169	210	185	215	230	201	225	231	192	204	212	219	191	178	219	213	206	201	182	219	
176	195	216	219	229	230	175	197	188	224	174	231	182	173	183	183	194	231	170	178	171	184	212	188	219	230	187	217	225	218	228	211	208	206	184	190	229	186	170	193	222	200	209	169	214	224	216	208	225	200	176	187	217	174	169	193	212	171	216	229	195	226	221	209	194	222	175	179	186	176	178	183	211	185	181	227	188	202	196	187	218	182	195	227	187	200	214	185	222	178	214	183	199	184	177	218	229	193	204	175	213	212	212	219	187	205	218	219	229	217	174	184	215	211	231	213	214	224	187	178	174	180	210	193	199	202	192	186	181	178	183	199	181	228	217	227	202	184	191	189	205	201	179	200	185	223	178	193	176	187	190	219	227	174	206	222	224	205	180	218	177	209	203	219	230	194	205	222	227	215	202	191	178	222	212	216	227	224	177	186	
208	192	174	191	180	190	183	174	179	185	210	208	196	170	172	207	227	220	219	178	172	172	185	200	220	192	215	184	172	196	182	177	224	206	170	204	181	179	218	216	227	180	173	200	182	191	184	181	228	206	194	185	212	226	231	218	208	199	215	173	226	211	206	182	170	211	228	190	173	218	211	213	190	204	180	199	183	204	228	230	215	200	184	184	182	171	229	175	191	229	227	220	181	200	195	177	194	207	230	181	193	192	209	220	181	187	226	175	226	212	182	210	229	179	211	185	230	208	188	212	170	220	177	191	172	217	216	208	227	229	224	213	201	229	174	198	193	194	200	222	186	216	194	200	221	205	217	200	215	218	180	210	202	225	226	205	199	198	218	219	196	192	187	213	171	215	203	227	212	177	182	196	226	212	194	183	191	179	215	193	
192	228	212	217	217	223	219	218	201	217	187	218	185	221	230	194	227	225	216	223	190	174	191	178	216	176	171	184	219	173	208	175	213	198	198	229	214	193	205	228	177	214	204	176	195	182	215	209	170	204	174	219	194	191	216	194	196	212	179	223	193	193	205	184	185	231	208	178	184	189	226	216	225	191	207	178	226	185	188	201	219	170	205	187	230	226	216	190	212	226	228	200	223	186	223	213	222	220	169	170	184	209	181	192	217	171	223	186	171	178	187	177	226	211	179	170	174	181	198	197	207	172	223	218	207	217	176	209	206	212	193	222	179	217	183	178	200	212	231	191	172	207	216	210	187	229	217	218	203	222	176	172	173	207	177	175	174	212	177	175	184	175	210	196	230	199	193	180	186	213	187	215	184	182	217	220	206	171	212	178	
181	223	183	224	197	231	199	230	208	208	175	179	217	172	180	197	208	207	224	185	212	199	197	210	199	173	192	201	215	169	175	170	219	223	173	227	170	221	208	222	215	199	222	221	202	182	219	221	205	188	228	176	205	210	221	222	207	224	209	224	200	186	224	218	210	214	208	215	214	230	215	191	188	174	197	208	222	216	208	215	183	176	198	172	174	187	180	229	210	197	219	213	187	221	181	221	198	212	221	183	173	182	196	186	231	228	218	189	189	195	181	211	176	173	195	172	188	220	217	199	198	188	175	183	225	186	214	177	187	219	200	200	179	204	197	175	179	175	223	207	215	190	209	231	209	215	191	177	178	178	170	204	173	213	177	182	184	183	199	210	212	202	217	219	179	195	169	201	174	200	223	212	185	192	189	185	209	173	231	193	
226	191	172	228	209	219	203	174	209	211	213	189	200	182	231	196	204	182	170	172	216	218	183	210	229	225	223	176	213	185	217	204	200	197	182	198	191	182	181	215	175	190	216	189	207	208	213	173	195	228	223	169	198	178	216	207	180	175	213	215	184	180	190	189	186	231	178	195	200	226	206	219	219	203	197	179	190	197	226	230	224	227	208	190	204	184	210	197	198	191	202	186	229	174	218	206	185	203	173	207	171	178	208	211	205	174	216	171	173	210	174	229	174	204	231	182	173	188	198	215	214	227	198	174	223	184	172	210	209	190	174	176	222	206	212	187	218	219	200	169	224	182	208	204	184	194	177	208	206	226	176	199	176	208	189	213	207	197	197	210	196	215	206	211	209	195	199	174	184	224	193	204	228	180	198	209	207	196	204	176	
228	192	211	172	217	204	205	198	225	230	202	224	230	202	229	177	206	194	180	186	217	180	201	169	188	196	200	193	230	179	189	181	203	202	202	190	201	176	174	206	213	209	223	188	187	216	231	194	205	201	227	205	175	188	179	191	201	224	231	178	205	202	207	187	213	171	218	190	196	212	197	196	227	205	216	228	179	231	224	186	204	219	189	216	179	216	177	196	228	213	209	225	228	230	216	171	221	219	225	196	203	205	210	214	231	229	207	189	210	216	213	188	169	211	182	196	170	189	184	229	219	184	173	227	210	171	178	191	216	213	206	200	182	190	182	215	187	190	205	176	199	216	192	223	192	195	177	182	172	174	207	185	201	198	225	221	188	172	177	227	198	170	231	192	198	230	229	183	228	226	180	192	221	208	230	204	224	229	172	170	
189	221	215	170	198	196	189	173	179	188	191	176	210	210	228	174	170	218	189	182	214	195	180	174	175	208	196	169	181	202	189	200	175	217	210	230	181	198	181	172	170	219	195	186	173	224	198	216	183	226	196	177	194	195	226	225	204	196	217	196	200	219	196	193	198	216	202	171	221	199	197	223	227	169	195	195	180	181	191	176	198	213	210	219	224	210	220	195	176	194	179	197	227	171	179	231	185	173	206	205	176	192	198	184	186	224	196	176	180	177	171	222	179	204	191	217	194	231	170	225	212	226	171	188	181	209	177	205	217	229	181	213	221	184	181	229	231	175	207	222	178	224	197	169	180	214	193	216	213	215	208	181	201	169	228	174	171	226	221	211	177	205	180	192	182	182	196	193	231	214	217	172	226	209	187	176	188	194	215	190	
190	171	226	208	228	198	206	224	194	222	209	231	204	192	177	216	215	230	183	171	218	182	218	216	201	206	185	183	229	190	218	171	212	211	230	193	215	169	214	217	204	193	195	222	226	198	211	188	178	174	184	193	209	201	223	192	192	204	173	190	189	184	223	205	185	227	231	190	186	201	177	177	189	205	231	204	220	175	198	195	192	173	221	182	194	223	214	179	231	198	221	229	178	219	203	198	191	196	199	227	170	170	181	169	173	215	194	211	176	211	194	210	214	202	204	186	226	171	191	202	223	210	214	199	199	218	224	192	174	217	187	187	170	207	215	187	182	192	201	227	184	216	205	206	213	201	196	228	177	219	212	171	179	216	171	185	227	224	196	180	173	174	210	178	191	193	200	203	169	226	219	187	188	212	177	178	198	191	223	186	
227	199	230	227	203	175	230	200	188	200	227	221	174	213	177	190	216	216	185	231	177	215	211	230	207	195	204	226	212	212	175	221	194	209	194	231	220	223	219	205	190	199	173	191	212	231	175	227	192	175	170	210	202	179	226	221	211	201	183	187	198	206	171	214	230	222	183	199	177	229	220	215	178	227	172	187	217	193	171	203	218	180	201	227	226	219	220	227	174	180	205	170	205	218	190	175	203	217	215	187	222	203	193	197	183	189	169	201	231	199	228	189	174	220	227	202	211	191	205	214	186	179	231	204	228	192	184	231	169	204	214	194	177	196	206	224	191	183	181	184	182	221	184	170	226	182	171	174	209	199	201	171	195	207	204	183	230	176	189	198	174	196	228	186	199	208	185	183	222	208	222	194	220	210	221	175	224	212	231	177	
185	198	199	193	191	214	195	225	195	211	191	217	192	204	214	193	199	212	169	170	187	203	190	174	187	172	191	231	204	194	176	214	200	192	211	202	187	221	231	169	198	211	221	206	212	190	198	229	218	210	187	213	185	207	192	175	195	230	205	205	222	221	196	217	218	228	181	220	187	174	195	195	183	203	198	180	218	180	222	229	170	225	194	212	224	222	217	192	199	177	184	169	183	191	213	202	194	230	227	215	173	196	188	210	190	227	213	209	187	228	218	201	202	202	178	209	193	220	200	208	224	224	231	179	187	222	177	225	211	192	201	208	178	230	206	206	205	177	178	204	174	190	177	187	196	171	183	181	208	219	199	184	197	215	178	185	176	175	214	183	207	174	209	187	179	226	214	176	231	224	199	220	227	215	198	178	184	203	203	184	
209	204	185	229	196	170	227	220	175	223	185	228	196	228	231	184	197	194	208	227	216	229	206	183	179	223	177	191	198	175	173	208	213	184	225	172	228	201	172	174	213	191	230	220	212	204	230	175	201	198	195	172	224	210	227	211	185	186	182	175	187	195	192	226	215	189	169	224	199	191	229	214	204	182	191	203	211	196	228	195	208	215	222	187	228	224	221	194	199	205	191	224	207	191	199	192	221	182	183	184	216	199	228	230	180	174	222	174	183	195	175	196	229	210	200	226	220	180	222	210	191	226	187	195	209	203	197	219	217	227	219	225	217	169	192	176	190	179	183	191	220	190	227	221	194	180	210	184	224	222	192	206	216	217	216	186	178	205	218	187	210	218	182	209	183	229	211	219	219	212	224	226	204	194	196	204	202	199	229	179	
171	223	201	198	211	176	170	215	221	219	228	194	183	174	208	205	212	218	192	231	192	171	226	191	182	224	202	227	188	226	188	187	189	171	197	181	202	181	198	199	214	210	184	231	223	228	190	230	193	222	171	207	189	220	206	200	184	179	220	223	172	185	215	183	229	198	190	174	214	189	177	196	186	178	225	189	185	226	179	218	170	231	214	176	187	191	192	169	202	172	193	229	230	195	208	197	182	224	228	211	209	206	219	180	204	223	212	224	200	181	196	212	181	209	196	222	182	219	230	204	214	208	197	169	216	213	208	217	225	200	191	209	195	182	230	228	199	207	183	206	202	224	200	184	169	220	175	208	202	209	179	178	178	202	229	210	187	223	221	227	171	219	221	180	193	230	225	192	181	219	227	179	228	220	173	209	215	200	176	231	
224	178	224	219	182	229	201	227	217	194	196	228	193	196	175	207	218	189	220	191	204	223	195	174	224	217	181	174	223	227	179	229	169	225	178	211	194	228	185	222	196	198	200	200	175	180	222	195	192	217	228	225	218	220	231	173	175	180	170	226	197	217	208	186	196	189	173	189	181	195	213	197	182	215	183	208	227	177	207	206	173	170	220	180	225	171	207	175	205	188	193	182	229	208	176	197	199	187	174	221	217	222	198	208	180	204	227	207	169	180	223	197	194	226	208	187	223	190	187	170	186	216	218	222	189	172	175	208	180	227	183	213	201	220	172	187	174	210	183	197	189	220	201	195	202	190	225	228	213	181	188	216	172	207	216	211	185	224	204	223	207	212	203	186	196	182	196	183	196	180	192	226	214	221	209	179	194	173	189	197	
175	216	176	213	169	225	214	231	213	227	194	217	212	219	221	221	196	214	209	205	181	189	194	218	226	203	170	216	182	215	206	214	186	174	216	173	178	174	173	213	221	231	194	178	170	173	181	222	198	218	219	217	181	194	184	180	210	229	193	223	193	173	202	209	186	191	194	229	214	207	199	201	189	215	189	175	191	200	182	213	176	231	203	197	198	215	216	182	197	200	225	211	217	212	194	186	171	177	180	184	202	173	226	195	222	211	186	178	230	228	173	169	186	172	204	185	215	188	221	205	200	209	215	169	192	177	191	170	200	171	184	210	218	171	209	205	180	221	188	226	202	177	194	184	170	195	199	189	170	231	226	179	200	192	208	170	210	195	178	204	206	199	194	195	169	180	231	176	209	213	185	201	207	195	172	190	184	169	227	178	
224	205	198	200	197	178	189	198	214	227	214	184	219	203	218	195	217	176	192	195	190	216	210	213	207	173	202	202	185	213	172	220	197	169	173	222	217	199	230	186	175	210	201	177	176	207	176	193	220	212	178	214	197	198	197	194	217	187	197	197	173	219	195	188	202	205	220	205	182	210	203	175	217	229	201	213	207	228	224	197	189	219	189	192	182	183	227	197	178	210	171	221	182	200	214	193	224	193	206	217	193	176	205	192	219	215	194	219	188	207	227	195	218	194	229	225	203	199	212	195	217	179	217	216	199	174	225	220	179	229	215	194	195	227	183	185	226	213	230	201	217	191	213	170	230	171	169	215	193	190	209	201	213	198	204	195	171	217	217	180	201	217	230	215	173	208	187	226	226	176	208	176	191	214	198	176	222	174	227	171	
191	186	189	194	194	229	184	206	220	196	189	175	211	210	231	191	215	169	218	225	228	194	195	215	173	199	194	198	176	200	173	203	176	209	222	180	185	206	195	200	212	214	177	194	180	227	210	176	211	191	173	190	173	169	222	177	177	189	215	212	219	188	203	215	196	220	198	202	199	177	176	202	230	184	225	209	178	209	221	169	204	211	213	216	221	206	191	221	220	210	222	208	201	188	199	180	231	178	227	221	180	186	220	219	212	203	181	189	185	196	188	224	205	176	222	178	178	226	176	223	230	188	201	222	189	179	225	187	187	223	178	180	204	214	197	201	186	202	226	209	210	174	191	194	192	172	190	228	181	198	227	178	206	202	192	213	208	205	169	189	228	211	189	187	219	174	218	206	202	220	174	175	223	209	207	169	228	220	200	207	
170	211	193	169	205	228	208	187	202	172	222	218	205	192	174	205	193	200	220	169	191	191	221	179	196	203	231	188	212	175	215	172	191	200	230	176	210	204	183	177	228	221	194	223	205	179	223	201	209	176	185	178	174	178	183	175	227	183	231	194	190	175	182	194	198	195	178	219	209	175	204	175	231	201	212	190	205	205	220	202	181	206	201	223	206	178	220	178	195	230	201	174	172	228	183	216	211	174	177	183	211	183	216	169	216	224	192	199	231	228	198	203	226	203	169	176	212	184	178	176	201	188	171	211	228	219	187	196	184	219	226	196	210	220	174	185	228	223	227	230	210	229	229	173	169	171	209	201	172	217	198	214	169	172	229	204	191	194	175	181	214	220	220	204	205	228	196	187	188	174	227	230	202	228	188	184	227	229	203	206	
221	219	214	216	216	187	189	217	192	210	186	217	172	206	186	208	178	176	177	230	197	171	201	223	207	180	225	229	175	222	217	195	217	221	189	177	222	218	229	173	189	170	179	229	227	196	206	217	184	185	228	190	199	182	178	184	229	209	181	180	214	189	172	222	171	224	175	209	218	229	229	201	222	190	195	180	179	222	189	223	177	225	227	204	191	225	183	191	197	220	172	183	170	197	207	226	187	170	176	205	179	204	204	180	180	228	219	180	207	177	185	176	231	169	228	207	209	180	217	172	184	204	207	209	231	219	203	173	203	194	226	221	178	228	183	223	218	203	194	218	174	210	221	223	215	213	194	171	225	192	203	170	202	222	229	230	200	206	199	185	213	179	213	212	221	203	170	180	203	177	229	175	202	202	204	208	226	207	189	183	
224	184	198	223	201	174	184	173	210	224	217	208	175	207	191	189	177	214	199	211	227	191	228	196	221	213	172	219	206	208	208	182	196	200	217	203	210	171	189	225	176	201	188	211	209	226	201	220	169	169	219	197	208	213	195	196	217	214	227	207	205	193	185	188	189	231	174	178	221	228	173	170	202	189	204	216	203	220	220	225	223	192	199	205	190	177	210	173	231	195	224	216	185	218	170	209	172	186	226	193	172	193	179	206	215	196	183	192	208	228	182	180	195	210	223	173	177	213	200	176	169	209	200	228	191	175	185	200	174	183	219	189	210	174	223	221	225	194	204	205	179	193	230	220	203	191	177	188	184	180	194	194	221	182	217	193	220	186	194	213	178	218	226	217	226	213	200	202	225	189	226	221	186	204	194	210	171	183	213	170	
198	189	178	230	221	211	203	181	170	171	231	222	227	188	220	191	229	182	206	185	198	187	205	171	198	192	227	212	173	178	211	181	200	223	196	169	213	183	191	195	204	208	199	169	197	200	195	175	182	177	227	194	174	186	188	221	189	210	183	205	206	218	203	177	205	222	205	198	227	205	206	210	186	213	230	196	202	222	190	229	213	179	213	170	209	176	226	185	227	205	222	215	216	185	186	173	179	172	180	182	185	196	213	209	211	193	227	175	218	180	189	215	201	230	216	214	190	221	213	197	230	177	219	205	190	203	221	206	189	173	189	173	187	228	186	202	223	185	174	225	222	228	204	191	179	192	176	172	171	212	198	179	205	211	225	223	184	201	197	172	209	220	195	202	171	173	231	226	221	215	191	221	203	211	205	181	205	207	222	189	
224	177	219	230	178	228	226	220	216	202	182	203	199	210	227	181	176	203	186	170	192	207	222	171	197	199	209	171	172	201	216	213	229	182	170	171	219	218	208	198	224	198	205	200	175	218	216	222	208	191	221	184	184	198	211	174	172	188	183	170	220	183	198	209	186	188	214	205	179	228	179	174	223	180	181	211	204	173	183	185	208	171	194	228	170	186	189	188	209	194	171	199	219	206	181	185	212	183	184	210	207	180	214	200	201	197	174	211	181	227	218	231	181	172	194	172	227	181	189	223	196	231	184	195	181	223	199	174	210	215	209	221	221	216	204	217	196	228	215	211	205	180	223	183	180	207	175	203	228	194	209	221	174	226	195	185	205	217	198	176	229	213	173	180	226	173	222	224	198	223	184	191	207	228	208	220	177	177	198	170	
199	201	172	170	211	181	184	173	212	224	201	177	229	174	213	201	217	200	196	208	204	190	172	182	189	231	194	191	191	212	229	183	213	181	195	189	225	195	220	218	221	173	173	175	199	169	210	221	209	216	210	221	199	169	179	216	177	183	173	195	174	209	196	203	227	180	197	187	215	222	195	206	197	196	196	170	228	219	191	217	199	220	190	171	187	197	171	216	191	228	224	192	217	221	214	205	169	201	171	222	177	193	211	229	193	205	227	184	199	202	211	176	224	221	176	221	207	202	229	207	213	203	215	170	231	217	182	185	206	220	187	220	221	181	219	198	228	178	180	186	219	172	198	218	190	179	173	207	208	220	214	174	202	220	169	170	200	190	178	199	197	219	224	189	169	222	211	178	210	185	204	190	228	210	226	224	198	188	204	178	
225	210	218	185	200	179	181	205	201	169	198	196	197	202	211	194	177	178	223	203	191	178	210	193	209	226	225	204	206	190	224	187	200	225	201	228	231	181	204	211	169	188	218	230	174	224	229	231	198	184	177	169	187	216	171	203	174	201	201	200	200	186	182	189	215	205	209	212	173	195	226	227	186	230	204	178	189	188	230	219	206	222	197	196	224	196	194	214	207	202	224	175	182	176	222	212	231	171	190	195	185	221	223	226	175	216	203	211	182	194	206	181	183	177	200	196	185	230	186	186	206	214	187	174	173	203	173	210	182	187	178	214	181	217	174	194	173	209	171	172	197	227	195	210	199	213	223	188	176	202	210	175	193	224	202	186	216	196	181	230	177	213	216	218	171	173	175	230	184	190	184	177	206	182	219	169	180	175	180	173	
201	212	181	191	212	212	176	206	171	174	182	207	202	220	182	195	199	175	200	173	220	184	176	182	230	189	171	224	217	181	180	169	217	173	208	169	202	215	228	225	201	192	170	195	207	184	174	224	228	200	201	176	195	169	220	201	176	187	228	229	217	188	223	191	182	169	172	203	187	210	190	201	199	203	180	212	211	183	220	186	219	222	185	189	203	211	203	170	183	225	225	216	229	178	224	190	231	207	186	227	208	171	186	202	196	189	211	226	194	180	182	179	206	217	205	173	196	177	213	216	207	179	200	191	176	230	174	192	227	206	195	194	219	181	190	185	226	178	182	199	196	209	199	186	226	196	199	227	170	199	231	231	195	207	212	213	217	174	216	188	231	173	169	231	223	189	169	218	227	210	215	213	195	194	213	197	214	175	199	216	
194	187	192	200	176	218	170	196	226	198	229	206	208	188	227	223	199	177	192	205	201	216	201	209	217	226	225	196	172	212	225	184	207	184	172	177	173	208	217	201	226	231	224	194	229	221	195	189	212	202	204	219	214	208	172	215	173	177	191	228	221	225	170	213	209	206	197	203	181	210	201	201	190	170	174	219	203	169	211	191	185	191	201	210	231	218	202	196	223	205	170	215	231	216	225	188	229	224	199	225	190	203	230	175	216	206	231	203	225	207	230	208	222	221	204	218	228	174	171	178	182	221	189	229	179	202	194	187	178	222	204	203	222	190	227	226	181	206	210	182	215	211	209	211	223	202	184	182	227	213	195	211	170	206	224	229	191	209	189	213	170	219	219	176	182	201	178	173	213	223	201	222	224	229	203	178	209	222	204	219	
211	209	192	231	172	212	188	197	194	173	227	214	227	211	219	219	205	219	199	197	182	185	194	229	199	181	230	171	226	211	209	183	221	187	202	202	213	205	204	195	214	182	175	226	216	224	208	202	222	228	169	198	210	182	213	204	172	176	172	221	172	185	203	197	176	175	197	201	185	205	186	201	182	201	212	201	223	220	189	212	172	183	215	207	183	191	184	216	177	217	189	205	210	171	219	220	185	176	200	175	188	205	215	201	175	191	224	176	200	201	213	216	192	200	192	212	221	230	207	225	199	208	226	197	224	219	212	178	228	205	193	205	185	205	187	169	202	190	197	190	182	221	175	207	184	214	179	185	229	173	200	171	202	184	227	171	192	225	215	200	171	207	191	204	191	196	183	215	201	228	194	209	178	218	201	214	187	213	187	172	
228	226	178	228	184	177	217	194	172	180	179	172	199	184	175	173	187	202	178	231	194	206	186	223	180	205	231	216	174	170	202	226	187	222	220	201	188	183	172	216	230	209	199	181	202	211	221	204	172	209	178	211	223	180	175	230	190	176	226	192	170	196	220	179	218	191	202	170	193	184	204	196	189	181	217	213	185	174	180	197	184	173	187	180	193	224	214	188	189	212	212	228	224	189	197	172	187	213	189	188	229	177	215	215	211	231	191	204	224	225	204	182	199	222	212	221	219	217	212	181	230	173	217	225	183	208	183	219	205	198	183	230	192	188	226	220	205	184	172	208	201	204	213	230	225	224	221	192	196	218	186	221	184	176	223	198	191	196	222	209	225	185	207	216	181	191	231	198	225	189	205	225	227	217	225	174	218	209	172	182	
172	209	184	176	182	212	190	192	228	217	192	199	171	186	227	197	175	191	211	177	195	187	173	208	199	208	179	223	171	203	172	170	217	223	214	221	219	204	191	172	201	174	213	212	225	201	203	224	178	189	220	182	218	189	173	210	225	209	211	227	178	214	196	194	211	172	196	176	210	183	190	231	224	224	222	171	207	223	225	169	193	225	205	214	217	184	192	209	231	228	226	226	223	203	179	203	200	211	175	221	209	206	204	175	181	227	170	207	219	212	169	204	176	214	223	207	171	207	189	185	220	223	220	224	215	187	188	215	200	223	184	209	218	216	210	226	184	221	199	182	204	209	186	173	175	184	195	202	202	217	207	217	204	193	204	219	220	171	214	173	184	226	176	196	187	208	172	183	181	170	210	190	178	214	205	179	221	170	174	170	
179	194	231	231	210	175	217	205	207	222	189	193	179	171	203	231	194	176	220	201	198	211	191	223	224	228	220	186	214	230	205	185	211	220	176	220	223	169	213	230	218	207	226	174	203	222	174	202	213	210	203	188	187	185	200	227	181	172	223	206	218	213	174	206	189	185	231	208	204	175	214	200	183	189	193	229	180	218	208	176	176	177	192	206	217	186	189	226	193	188	183	226	189	225	220	226	209	183	203	219	184	174	215	197	179	172	170	194	218	177	216	199	206	226	183	175	187	206	224	219	189	185	172	169	197	208	222	197	215	222	231	223	196	185	174	228	173	201	207	231	211	218	231	229	183	174	182	199	190	175	170	200	180	198	204	186	197	172	220	224	193	223	198	200	181	204	223	201	217	225	208	181	181	228	229	181	231	203	220	221	
178	181	219	184	219	198	174	200	185	224	172	180	190	227	181	198	223	184	226	192	196	215	171	218	228	189	178	175	190	186	225	180	217	179	205	174	175	169	172	196	194	218	175	216	171	182	177	224	217	183	230	198	186	225	190	177	209	188	209	207	222	192	197	226	221	182	216	211	205	210	199	225	216	169	182	222	211	205	177	197	189	227	181	221	229	216	189	201	218	194	172	218	209	180	179	202	185	204	173	220	201	223	194	202	230	229	179	210	222	208	177	170	217	208	169	190	198	194	211	177	198	188	220	183	201	177	226	208	231	222	212	170	194	213	191	171	200	199	188	180	217	181	185	189	212	206	211	216	183	199	216	220	208	174	209	180	196	169	229	200	184	181	211	211	190	171	213	230	174	203	227	187	196	215	208	196	182	217	225	219	
218	191	182	197	213	192	197	205	212	192	173	230	219	190	199	231	183	169	201	204	202	213	169	181	187	223	169	184	226	214	191	178	218	178	228	216	189	198	217	182	221	209	173	170	178	225	229	214	185	200	172	216	207	183	206	172	208	226	203	170	202	198	209	197	227	188	199	199	216	182	203	183	225	195	225	219	188	198	196	172	204	217	208	231	172	185	183	206	212	176	179	172	179	180	198	186	180	173	228	210	210	179	207	212	198	206	208	212	180	181	183	173	188	191	205	189	193	215	225	184	224	204	196	170	174	185	210	175	171	215	202	207	200	170	229	222	224	179	230	195	204	170	205	184	214	216	227	170	221	200	222	196	176	193	186	230	213	173	219	181	221	174	205	182	227	172	174	205	218	213	204	180	201	171	227	196	179	173	191	218	
169	213	177	171	211	227	219	207	196	223	221	227	220	201	225	193	207	169	231	201	194	206	174	182	223	191	209	212	190	210	185	210	174	194	204	192	230	170	182	203	186	213	218	203	186	212	217	215	213	196	199	185	172	205	178	212	190	185	228	170	171	187	190	185	207	171	217	221	172	169	220	221	229	214	181	196	221	178	174	181	219	211	218	203	217	213	217	228	192	228	192	223	231	231	181	228	211	208	209	196	193	170	174	186	218	183	230	189	183	178	182	174	219	222	191	223	171	228	205	223	186	204	185	178	212	217	203	180	194	212	215	219	181	193	193	187	191	192	212	210	223	194	223	202	201	227	220	180	184	196	204	202	213	188	174	176	230	176	195	176	205	217	229	169	178	212	206	173	225	212	170	182	194	203	187	227	201	194	205	178	
228	227	214	213	220	216	189	181	212	218	182	189	230	225	224	218	204	215	191	206	230	182	207	213	177	191	198	225	203	210	221	180	176	169	208	197	195	180	231	216	203	194	219	216	213	199	204	228	178	182	169	225	202	181	175	198	186	193	186	197	216	198	223	201	197	212	221	203	224	228	212	225	179	230	224	201	195	229	218	175	187	181	199	188	225	213	188	169	218	205	221	179	190	194	182	217	172	202	197	185	195	203	201	177	203	214	208	194	180	203	216	180	205	212	191	191	197	219	212	169	170	170	216	189	224	175	215	221	201	212	222	211	207	229	183	182	187	198	218	188	224	207	171	199	186	184	200	182	184	206	194	182	223	170	193	181	221	182	205	190	229	199	185	214	194	211	197	195	222	227	231	200	193	215	212	207	204	225	207	181	
200	187	227	171	177	224	171	170	211	193	215	231	218	183	192	205	228	217	229	227	214	228	203	215	231	213	199	184	204	174	173	216	229	194	212	231	174	171	172	221	195	197	217	202	194	215	187	199	221	191	181	200	208	203	188	193	172	198	177	217	188	171	208	194	173	204	216	224	229	227	204	231	181	204	207	173	204	181	174	207	219	228	198	211	210	178	209	216	226	219	171	216	202	188	182	195	225	225	212	219	228	185	178	223	188	207	230	208	226	201	193	211	211	223	215	171	212	201	221	226	181	202	203	231	196	205	181	225	197	227	200	173	210	223	231	194	195	188	202	231	198	194	216	191	170	170	174	228	189	184	184	219	220	189	179	230	227	221	188	221	176	228	182	180	231	198	214	174	208	189	216	226	170	204	210	228	215	194	193	189	
208	227	176	178	191	214	198	197	206	184	226	216	214	186	227	215	204	212	196	229	218	202	186	228	199	194	179	205	171	228	191	230	174	192	214	208	172	215	171	175	194	169	179	226	210	181	171	229	196	178	211	187	188	204	200	219	190	221	217	231	198	212	200	189	226	189	173	179	180	213	202	220	230	173	219	225	185	217	184	204	197	185	188	213	184	178	222	190	207	204	207	179	178	187	184	200	171	193	228	203	177	173	178	221	169	173	208	208	201	174	210	228	215	219	215	212	230	221	213	214	199	216	204	224	228	171	223	225	213	177	172	230	169	180	179	183	218	186	227	174	178	211	209	170	231	230	173	215	202	175	186	212	203	179	213	224	225	197	190	172	187	198	204	182	225	180	230	196	222	190	229	208	219	183	190	187	174	202	227	217	
205	181	177	227	182	215	202	208	175	169	184	220	225	191	202	197	191	201	221	186	199	184	210	208	188	206	205	230	178	187	176	189	186	224	212	172	221	218	184	215	227	172	229	169	180	170	223	199	201	227	183	184	198	231	202	213	203	185	231	220	181	228	178	186	172	177	231	171	220	171	229	226	178	217	203	231	209	174	226	225	172	224	176	230	175	170	226	170	188	217	197	220	203	224	215	183	228	222	207	230	201	171	189	226	222	224	180	228	231	231	202	181	215	190	179	198	222	195	171	194	206	229	204	196	213	212	177	171	210	207	222	209	222	173	230	197	190	220	218	222	171	189	206	210	189	213	223	211	205	218	211	227	187	177	225	183	227	227	220	189	198	207	231	184	178	186	209	227	204	186	183	169	224	172	215	206	178	180	217	205	
202	212	206	217	207	207	171	189	201	178	228	228	230	225	229	211	169	220	225	174	209	227	182	180	190	189	180	220	182	221	230	180	189	177	181	169	230	215	222	186	199	193	211	222	179	212	208	192	176	169	224	210	231	228	197	228	225	175	191	229	196	195	231	193	187	209	187	193	169	200	173	199	197	177	217	191	219	212	192	225	226	182	175	219	175	186	173	177	202	186	213	220	203	211	171	217	200	227	189	189	191	203	183	222	174	179	229	194	201	174	209	213	211	207	194	172	207	204	214	174	178	219	176	218	196	178	175	223	178	169	202	225	175	185	217	184	212	184	190	178	184	213	193	214	171	174	205	194	169	225	199	199	231	201	183	203	170	177	229	177	203	188	215	212	203	202	204	231	185	231	198	175	184	197	215	204	216	182	176	171	
207	198	212	195	173	191	201	217	192	182	169	201	202	203	220	200	199	220	231	214	175	172	199	191	231	228	224	188	194	231	215	187	216	220	231	202	210	221	174	229	223	198	192	222	216	214	208	201	187	170	214	182	180	187	211	180	219	222	225	220	217	189	189	180	207	186	187	222	177	206	222	185	196	195	171	172	208	230	216	217	212	183	169	181	171	175	210	206	177	210	218	182	185	221	218	187	205	210	220	195	176	178	218	193	222	224	215	196	216	231	210	227	175	179	186	171	211	197	217	176	223	222	169	202	188	185	196	196	208	190	179	186	177	204	178	202	172	219	176	226	181	183	225	174	195	179	197	206	188	177	170	205	224	179	222	214	212	184	177	195	184	185	197	182	177	175	209	207	170	220	173	226	217	172	217	182	177	179	186	194	
206	192	198	173	223	173	214	178	173	231	189	188	204	226	173	173	223	220	195	220	181	208	184	199	230	231	217	200	228	231	210	187	218	171	175	217	205	192	172	191	201	178	219	230	200	219	214	226	226	199	219	209	204	173	182	231	227	210	174	192	223	194	196	216	226	209	227	177	173	171	177	187	186	185	199	178	183	170	206	193	206	175	190	170	173	210	220	171	183	213	230	206	183	227	225	180	179	192	179	214	188	212	184	179	201	175	215	204	220	184	200	214	221	205	199	227	201	187	223	178	184	178	220	184	203	178	231	185	217	196	200	190	218	228	183	224	213	202	172	178	188	200	189	171	175	186	227	231	170	227	211	231	174	227	196	195	190	180	220	189	202	202	190	192	231	203	191	210	183	204	208	189	172	222	227	231	192	178	211	226	
195	215	201	180	175	174	208	205	212	170	174	178	177	172	205	174	187	183	172	177	189	192	206	224	182	180	180	200	229	209	226	176	173	229	186	229	188	217	198	192	170	195	181	191	183	186	229	203	196	178	200	173	187	193	193	186	230	210	196	199	226	221	222	182	195	207	171	215	195	205	195	176	215	211	213	213	226	213	213	216	177	207	219	218	172	231	222	204	193	231	181	172	203	195	204	221	222	181	221	177	217	213	228	206	178	197	179	201	186	198	223	231	196	220	231	220	196	196	183	229	213	205	199	226	219	205	222	183	174	220	210	175	214	191	190	169	184	182	184	193	170	207	219	169	199	176	197	178	203	201	171	228	215	184	174	211	223	170	214	194	223	175	209	231	229	209	195	175	213	178	210	222	175	169	189	186	212	171	215	178	
189	178	218	211	183	178	176	229	173	229	177	179	227	216	176	225	212	218	218	210	190	213	175	221	223	190	223	226	184	176	187	192	195	231	218	225	216	182	185	185	188	189	213	223	226	170	184	211	195	215	176	213	206	227	205	191	205	227	179	201	220	194	215	170	217	196	228	182	184	218	214	217	197	197	226	173	211	189	172	224	171	177	200	186	194	179	171	224	170	222	224	230	176	187	207	204	227	210	174	170	211	200	217	211	228	222	225	180	180	198	202	207	210	224	200	225	181	194	181	175	178	175	181	182	183	210	179	173	220	230	174	196	195	176	212	206	221	231	191	220	185	169	212	212	205	212	225	180	200	170	230	230	185	187	171	216	183	196	177	177	210	185	198	180	169	211	178	191	184	182	223	217	197	199	200	198	219	192	211	221	
179	177	211	212	196	220	220	201	223	185	225	194	169	207	206	206	182	206	177	182	172	181	188	211	193	198	188	195	216	190	231	174	189	227	206	216	195	225	179	193	227	212	214	222	216	204	173	180	215	211	218	217	228	215	219	216	181	229	180	170	227	200	211	202	208	217	193	224	209	174	221	220	194	200	227	202	170	221	174	230	189	171	217	174	171	182	206	199	177	193	187	222	216	211	202	178	169	196	175	191	219	210	177	176	223	206	228	209	196	190	169	172	212	189	210	197	202	197	229	170	216	221	218	202	171	179	179	205	227	224	223	223	222	204	201	203	219	212	193	223	186	200	172	211	219	180	214	209	208	174	197	173	175	174	177	206	173	174	212	196	191	210	195	202	202	214	192	214	188	228	171	223	215	212	192	172	215	205	187	228	
221	213	193	213	219	196	230	222	217	210	217	226	206	216	220	182	197	173	231	203	210	226	197	207	207	181	183	197	209	225	181	205	189	180	221	204	203	208	169	179	207	180	186	229	201	207	215	175	193	197	222	195	208	204	180	177	181	217	202	200	182	225	180	224	189	211	178	202	193	215	185	177	180	174	193	174	202	192	192	228	193	220	215	187	222	185	198	208	185	205	171	177	226	228	195	225	210	188	181	220	196	194	221	186	169	169	203	204	215	181	219	202	172	217	202	175	197	197	227	191	216	193	200	231	175	190	189	230	216	192	216	188	215	215	173	170	189	184	193	184	230	216	217	173	226	205	220	230	209	200	188	189	220	178	231	170	180	172	202	210	173	199	182	223	217	185	181	207	169	182	200	214	229	209	173	192	184	226	208	176	
200	200	214	224	221	170	206	194	174	179	177	214	208	202	212	179	181	217	199	202	170	206	200	230	187	201	178	224	170	219	228	182	197	226	227	231	219	217	221	172	206	224	228	179	216	169	170	221	172	193	210	228	172	192	215	213	176	215	169	209	205	192	172	218	194	229	178	230	180	215	199	203	220	184	185	224	197	227	228	174	173	204	190	195	223	210	202	228	195	208	187	200	180	218	197	178	184	221	220	201	169	229	203	207	179	208	203	209	169	212	207	192	191	218	176	189	225	227	178	216	185	221	221	170	212	216	188	212	191	171	172	188	191	201	216	185	174	212	218	231	186	210	231	182	227	172	192	220	224	172	222	206	205	191	201	175	226	192	217	182	208	220	183	185	222	222	224	207	181	201	171	207	230	190	171	184	202	216	230	189	
214	230	187	197	177	182	216	201	201	206	200	228	195	185	209	177	221	190	169	226	187	194	222	201	226	228	216	200	221	201	231	208	171	209	170	202	183	220	206	222	169	231	213	180	205	186	191	170	187	216	170	225	223	171	204	222	193	201	190	216	217	202	194	197	220	231	196	231	208	169	217	196	204	212	175	171	200	229	230	189	230	204	178	179	198	174	169	223	205	226	172	208	175	186	181	210	228	194	209	205	193	195	177	198	174	187	191	178	210	212	188	203	199	230	188	221	207	180	230	214	212	230	214	178	214	189	222	208	176	192	176	230	219	192	192	200	199	201	190	173	206	223	182	206	210	190	214	211	224	205	192	185	178	195	170	184	223	180	172	213	180	178	211	179	219	187	216	186	186	223	223	208	173	204	221	201	184	204	206	228	
175	186	184	231	231	217	220	187	190	191	175	224	190	175	179	190	191	231	226	173	231	179	225	208	220	193	230	228	187	202	226	172	224	203	214	191	192	217	219	209	217	189	176	213	189	225	169	176	231	213	201	201	227	209	221	211	228	177	187	200	174	221	202	193	209	193	216	180	228	214	202	186	231	198	191	180	217	170	180	181	207	218	222	169	199	231	211	224	222	177	188	230	198	190	184	197	180	229	218	221	217	169	207	170	181	206	210	191	206	177	216	204	226	214	187	189	219	229	181	206	228	176	199	172	191	176	203	231	187	226	218	199	201	217	215	187	186	230	198	202	177	180	175	186	176	200	221	174	222	212	216	197	211	228	200	231	174	225	210	192	212	192	227	204	217	184	196	202	209	174	209	183	181	220	202	210	208	198	169	221	
171	179	173	198	182	223	218	208	219	187	213	228	202	184	195	192	169	190	201	206	175	228	186	191	216	192	182	231	219	209	171	172	199	177	213	193	209	224	230	215	229	171	214	203	197	226	225	220	225	198	219	178	181	217	205	209	187	206	177	178	219	189	206	189	213	221	190	215	229	218	211	225	222	187	184	219	174	184	199	177	215	223	177	197	205	207	213	222	199	195	185	170	226	192	189	199	181	226	186	211	183	215	190	216	205	224	214	199	227	174	230	191	209	177	190	226	184	176	211	199	188	184	201	179	187	175	211	212	169	182	170	212	182	182	220	207	209	177	206	173	221	202	186	170	214	170	193	219	180	227	201	187	210	224	230	197	201	198	179	203	170	231	193	227	226	191	210	208	188	217	220	223	229	189	226	186	227	229	210	174	
204	224	195	188	190	228	219	219	202	189	200	205	181	182	197	222	186	187	173	218	196	190	223	176	180	187	211	180	199	201	219	192	184	169	193	187	170	213	176	172	218	217	189	199	199	181	176	183	213	191	178	215	183	189	212	203	169	218	215	192	209	196	184	183	187	191	180	229	169	181	190	193	196	216	213	227	205	216	207	231	212	190	177	188	187	175	181	187	174	186	221	204	193	204	190	169	199	220	231	206	224	179	199	184	198	220	182	203	219	169	186	223	212	193	191	173	206	181	199	209	195	183	228	205	181	190	174	200	200	218	190	223	170	201	186	172	173	207	184	208	196	179	187	187	187	202	192	224	212	231	182	230	221	223	221	176	205	188	214	204	196	225	183	214	187	172	174	177	218	201	213	190	215	192	220	169	198	205	219	205	
188	195	204	195	199	173	186	224	178	207	206	210	206	217	197	180	208	198	177	172	214	176	181	194	226	227	229	215	182	187	202	215	217	188	187	192	200	169	180	172	195	182	215	218	219	177	175	194	204	172	190	212	216	212	229	171	198	200	169	219	222	213	191	209	184	196	223	170	207	209	220	194	229	199	221	170	229	211	202	206	225	182	183	183	182	222	214	182	221	175	174	184	180	230	217	200	176	180	209	199	191	228	209	226	189	223	206	181	208	184	225	192	205	214	208	173	183	221	220	205	186	214	176	185	187	218	189	198	174	185	183	203	230	190	200	190	196	172	169	216	176	194	197	180	174	181	193	182	194	181	199	193	186	201	192	185	175	197	176	218	179	226	220	170	203	219	209	177	202	217	179	170	179	203	197	185	210	228	185	213	
225	189	194	223	210	215	205	197	207	216	172	189	230	190	188	199	176	206	214	209	221	208	182	197	207	188	214	227	198	176	226	195	170	209	176	226	201	183	209	210	204	203	216	181	199	205	189	231	178	180	224	196	210	176	219	172	204	193	201	172	219	223	193	230	218	200	187	185	170	179	182	229	223	225	202	214	172	198	204	173	217	173	181	187	187	181	215	214	215	231	216	189	198	186	221	211	174	217	183	200	179	199	178	190	196	173	215	177	182	219	173	231	187	177	171	218	174	222	222	189	224	178	227	202	170	186	194	221	198	227	174	207	223	231	179	227	170	186	187	184	229	218	190	196	174	226	220	201	216	209	204	184	181	176	214	178	185	172	170	182	230	189	199	188	231	205	178	188	207	215	178	210	229	169	210	221	176	195	227	199	
225	220	227	199	231	183	201	181	177	194	203	172	216	226	185	185	178	177	229	214	201	190	194	210	228	207	219	175	178	176	179	222	206	178	189	173	192	177	198	222	193	216	219	183	226	210	225	212	212	203	226	201	192	209	173	202	176	207	201	179	184	170	185	197	175	182	180	184	191	201	220	227	181	188	211	191	180	217	217	216	189	201	190	183	177	198	198	214	176	192	211	188	172	220	207	223	214	227	219	226	189	199	177	198	212	207	200	207	210	191	229	228	181	230	212	205	207	200	204	171	178	187	202	181	180	204	212	221	197	214	202	175	215	215	225	183	221	222	184	180	229	177	201	186	219	206	211	179	219	186	221	195	193	211	176	216	191	191	210	181	231	184	187	180	186	192	196	213	199	228	228	216	221	195	219	225	213	219	184	223	
174	186	198	214	193	223	218	196	199	200	194	221	179	180	193	172	231	223	193	192	186	196	218	193	212	202	215	218	173	186	190	180	177	213	205	202	187	185	211	187	205	209	221	191	205	195	188	216	177	181	207	179	213	206	173	176	218	181	209	215	186	174	219	228	207	177	215	187	182	171	222	181	206	184	212	201	187	201	191	191	177	188	171	196	195	196	196	207	203	218	189	175	178	201	174	219	216	208	225	170	209	223	205	183	227	188	196	230	210	211	173	212	173	181	218	228	190	223	193	192	176	172	206	231	179	218	193	184	226	180	187	177	194	185	210	187	190	220	169	228	231	179	186	216	177	169	176	223	203	217	171	208	174	181	193	194	203	220	176	197	208	215	213	171	224	191	202	179	183	219	198	170	176	180	214	218	187	191	212	184	
225	203	218	198	214	212	207	186	191	192	218	175	223	216	213	180	218	216	231	180	183	199	192	209	185	170	187	223	198	194	202	184	230	170	213	179	205	190	191	179	219	230	200	195	180	222	194	196	225	227	179	227	227	180	188	223	174	221	193	214	173	204	212	195	182	196	214	185	204	210	203	231	177	216	190	170	184	201	225	188	171	202	177	199	187	226	201	186	210	196	192	176	209	208	229	228	205	192	212	209	171	178	185	216	171	197	186	182	223	211	218	180	187	197	228	220	223	228	213	206	213	215	217	205	210	224	183	192	207	184	179	207	174	214	226	181	188	212	203	215	196	199	215	227	201	202	226	169	181	230	221	226	204	178	206	180	194	170	187	183	219	219	191	206	202	195	182	220	182	213	195	192	206	197	225	204	184	197	180	171	
227	229	190	182	179	230	190	216	180	213	204	190	175	186	197	207	209	172	200	171	182	227	229	177	229	205	225	179	201	220	175	229	197	202	227	209	217	204	206	206	188	198	196	211	216	195	220	192	226	170	172	213	173	202	225	179	192	184	228	196	210	188	197	202	227	176	212	189	191	181	218	183	182	198	214	211	188	204	211	223	221	172	181	207	175	205	228	180	171	188	170	178	170	194	212	181	226	209	225	225	188	212	231	189	186	220	201	199	192	192	225	180	175	205	198	172	181	202	224	187	230	172	172	179	205	227	196	202	192	228	192	175	196	214	191	171	200	197	212	220	214	224	208	200	183	210	214	202	176	224	197	189	200	190	194	202	193	212	209	199	224	230	197	221	210	210	208	181	229	219	183	177	224	208	210	191	189	171	209	209	
197	220	218	188	223	189	206	222	210	200	202	201	204	205	207	199	189	184	205	177	184	214	202	211	199	220	217	203	206	169	170	222	180	177	210	190	209	189	199	191	191	197	184	170	171	205	187	213	194	203	230	175	190	214	220	195	177	221	176	207	188	176	183	226	171	228	203	182	230	224	231	206	206	186	195	218	202	202	218	195	183	210	214	206	215	191	211	212	202	216	180	231	170	229	216	228	214	227	219	181	201	224	179	203	200	195	176	214	205	203	179	201	222	202	225	205	229	174	171	213	230	230	228	188	187	203	211	215	202	186	201	190	208	200	211	208	192	189	217	179	231	230	178	222	220	205	190	222	224	191	216	222	201	182	177	195	177	215	207	172	190	171	199	197	176	224	171	181	196	195	174	202	171	230	204	231	229	204	177	176	
205	210	181	197	181	199	179	191	195	172	207	230	220	195	212	190	199	191	216	177	190	195	226	223	172	186	179	172	173	211	183	202	206	206	210	228	190	231	169	195	169	197	199	174	226	223	192	220	183	194	211	219	183	230	191	218	229	172	208	169	211	188	221	182	192	170	204	190	197	174	208	207	195	183	169	206	193	187	189	199	203	178	217	206	211	180	170	231	227	192	181	194	193	231	200	203	180	187	226	185	204	170	223	215	174	208	217	196	226	187	182	171	175	220	221	222	202	193	203	178	229	209	179	177	228	215	196	188	177	185	208	202	211	191	178	179	196	211	214	200	226	219	171	196	215	184	182	174	211	227	214	175	219	219	224	190	192	208	214	191	218	203	199	194	217	226	180	200	205	175	197	179	214	228	207	177	210	217	226	225	
224	174	200	219	184	181	175	201	174	221	187	174	201	190	229	176	187	207	222	222	229	231	228	176	181	215	228	171	178	194	174	206	217	195	203	176	200	190	202	200	188	174	205	214	216	205	218	230	206	191	209	204	215	171	179	180	223	178	204	185	180	187	216	173	204	214	223	211	195	193	186	231	192	212	220	186	219	174	182	196	195	174	212	173	224	194	192	169	214	215	190	224	207	187	185	197	179	169	175	197	182	174	202	226	207	190	226	182	187	223	215	179	190	230	170	231	216	181	169	215	191	198	192	194	206	188	199	223	197	183	217	214	190	211	178	183	204	207	187	219	185	176	213	199	171	207	189	198	196	212	185	228	206	213	174	210	225	203	212	175	226	231	205	210	194	201	225	214	205	182	201	216	187	169	195	208	206	213	206	177	
184	193	178	215	211	227	208	217	228	196	191	210	213	229	209	189	190	199	189	177	186	209	212	187	177	170	169	208	219	222	199	170	204	186	222	214	188	209	201	178	169	225	217	211	175	179	180	205	210	217	197	174	174	172	217	213	171	169	200	209	188	184	191	223	229	222	198	179	219	217	192	183	199	171	182	221	225	229	215	230	200	211	190	172	183	223	219	197	197	228	182	208	208	222	191	195	223	187	193	172	182	174	180	192	200	227	218	203	224	216	184	213	203	177	171	214	213	229	229	229	182	215	230	181	211	220	222	188	204	181	185	174	226	199	219	178	223	207	189	204	170	178	174	207	209	217	177	191	204	193	174	197	171	208	175	225	190	188	182	180	199	169	202	175	231	177	179	220	217	215	199	220	203	204	176	177	223	178	184	208	
205	220	206	196	199	226	212	199	229	169	219	207	216	169	201	191	197	173	173	175	208	195	209	211	206	169	222	205	196	225	209	212	229	183	231	197	181	193	195	206	197	215	199	176	193	192	182	180	182	223	177	182	180	193	195	230	215	224	209	173	183	182	214	220	200	198	228	185	171	169	223	170	215	187	187	208	202	172	191	230	203	202	207	226	219	189	208	218	176	180	179	218	226	193	212	194	189	220	226	219	186	179	207	213	173	186	202	212	201	184	170	224	180	183	178	172	203	185	230	169	215	230	185	210	174	178	221	211	204	229	231	223	207	219	184	182	224	227	177	210	201	212	205	187	217	217	199	187	178	210	204	211	214	193	187	202	206	211	179	195	171	171	228	219	205	204	190	215	176	187	183	201	203	224	175	178	185	196	223	179	
212	173	193	202	228	177	226	205	177	190	179	230	184	221	216	228	213	199	170	225	216	196	183	201	194	213	194	175	209	203	208	218	176	193	226	170	217	192	194	185	178	223	185	182	172	216	221	224	205	225	179	186	213	207	220	212	213	222	170	222	227	196	180	217	204	186	193	194	201	214	220	219	184	219	207	200	199	174	221	188	192	173	225	174	228	219	173	226	188	199	223	219	218	230	221	213	178	179	227	195	230	191	227	231	219	188	184	209	200	206	170	180	171	173	178	225	204	221	191	200	202	180	179	201	186	174	172	194	223	209	216	176	207	222	191	213	191	184	229	186	222	195	185	204	224	209	223	231	180	175	202	198	169	214	171	214	226	183	224	200	169	201	223	182	216	210	218	179	217	187	207	207	171	181	190	230	222	226	174	199	
177	191	210	178	189	188	201	177	183	181	216	229	199	222	208	216	203	177	229	181	228	191	225	191	212	187	216	193	226	178	225	186	212	222	177	202	200	197	203	188	212	227	215	195	215	203	196	212	214	222	174	230	223	176	174	223	199	173	225	213	189	215	192	173	175	183	170	202	231	171	171	193	211	208	171	169	222	182	188	202	184	226	213	186	206	198	171	193	230	171	230	175	193	184	186	187	224	197	213	212	173	216	196	223	191	197	221	173	172	214	216	173	206	204	227	229	200	189	197	218	185	226	201	181	170	214	178	188	187	207	212	225	195	189	206	220	221	179	228	228	213	207	199	184	178	210	231	197	208	230	189	173	208	194	179	172	197	170	213	179	178	174	200	187	182	229	171	192	216	201	185	202	208	188	208	175	230	193	191	218	
197	207	220	190	204	182	207	188	195	208	219	229	183	205	173	169	184	208	192	221	184	191	207	222	205	190	230	206	186	183	195	176	227	223	173	217	217	198	182	195	170	211	208	216	192	224	207	226	172	216	176	184	179	180	182	177	181	172	185	211	201	209	200	171	203	175	170	198	198	223	214	225	230	197	185	226	195	227	207	208	179	174	169	171	198	192	206	203	213	230	189	183	224	220	221	204	193	182	175	178	216	185	208	224	186	185	182	176	220	223	193	169	179	210	198	220	205	216	188	220	193	220	207	171	223	193	229	229	219	176	201	201	187	206	223	191	222	196	181	175	210	180	174	198	220	223	175	181	217	190	227	172	216	175	210	203	186	223	192	182	186	211	184	214	191	199	188	172	179	223	175	216	184	188	205	197	191	201	178	197	
184	177	215	191	223	183	205	220	212	217	195	191	174	209	207	221	210	223	226	216	173	228	207	229	226	230	187	231	189	178	197	206	224	181	229	177	210	175	216	171	207	199	196	188	198	209	184	206	192	175	183	206	222	187	191	187	230	219	181	203	226	198	190	210	211	190	204	202	197	196	186	191	182	183	170	222	194	182	211	170	215	218	198	199	179	228	207	175	188	219	179	179	226	222	215	202	173	216	221	172	186	200	214	190	199	223	219	179	186	189	189	200	201	214	169	195	226	216	226	202	225	185	212	181	186	222	195	222	183	217	203	184	179	230	174	188	204	192	201	198	201	174	221	170	186	223	226	202	224	213	191	223	173	175	187	171	183	192	214	184	220	226	192	215	183	178	200	202	173	170	193	206	220	212	184	226	216	170	199	196	
214	223	198	224	231	169	215	209	203	211	222	192	215	224	202	193	218	225	220	222	184	228	222	207	207	181	205	171	194	207	182	186	199	200	198	198	177	201	204	220	206	182	184	206	200	218	225	173	195	228	208	201	198	225	197	193	179	178	224	203	196	230	206	178	199	192	186	210	185	226	182	205	222	230	180	174	169	174	197	217	186	188	225	188	189	230	206	170	220	171	204	193	228	205	180	223	183	191	187	177	215	170	203	187	202	180	169	202	223	169	192	190	231	190	195	194	205	216	225	216	214	205	189	213	222	206	195	184	187	172	176	185	190	205	181	179	198	188	206	231	225	203	200	226	222	171	186	229	215	197	203	206	206	186	203	191	218	175	190	189	180	176	189	229	196	193	224	174	191	170	229	173	211	183	185	201	177	222	221	179	
205	198	204	185	210	225	188	226	185	169	172	189	179	190	215	222	200	215	212	196	205	202	207	226	184	204	174	228	231	197	213	183	227	189	207	223	203	210	196	182	177	187	226	228	184	197	191	197	227	171	187	209	193	204	169	169	204	216	184	215	176	216	221	199	229	207	221	171	219	185	214	192	199	169	197	215	199	209	219	199	181	174	220	191	223	223	221	220	201	225	210	191	212	176	182	170	187	207	172	225	188	214	199	199	199	223	228	222	191	190	227	184	200	170	185	178	221	186	189	191	223	170	228	174	204	223	193	171	222	184	215	197	171	228	227	193	213	228	178	206	222	218	194	231	217	221	226	172	173	176	201	206	183	199	210	185	211	174	201	189	229	213	218	228	228	204	220	171	226	226	176	189	169	217	226	189	176	222	200	198	
174	178	221	212	229	217	220	222	173	170	189	207	223	180	215	172	194	178	173	218	210	173	230	222	223	187	174	204	205	187	194	176	177	181	228	201	215	175	207	225	181	178	199	197	225	201	171	182	209	211	180	176	231	196	186	220	221	184	229	187	224	212	214	200	208	205	225	213	177	191	180	219	226	229	196	203	211	177	176	199	174	208	204	211	174	227	203	200	182	195	209	206	208	177	171	220	197	231	224	190	189	215	227	222	200	195	204	228	221	227	184	220	212	181	192	192	228	192	225	225	179	207	227	184	185	193	184	189	179	175	217	181	201	197	177	179	220	204	175	177	215	194	179	215	217	193	215	196	218	221	191	222	181	176	206	190	182	172	217	197	201	216	198	190	199	186	174	219	216	197	187	230	230	177	209	230	199	204	170	209	
231	169	208	171	209	201	209	229	207	226	195	206	197	223	183	187	193	195	180	211	226	203	231	191	192	217	181	184	194	185	221	186	180	210	169	197	212	227	177	193	195	228	224	217	220	185	203	198	195	186	185	179	192	216	199	222	228	229	201	170	184	198	198	227	219	228	180	228	207	208	188	178	228	188	214	184	182	221	188	205	199	183	179	231	205	181	216	171	180	204	223	207	213	210	181	173	188	171	180	193	199	171	204	202	219	178	202	200	227	180	175	219	196	223	220	171	218	213	184	178	188	218	216	227	188	218	192	174	222	180	222	170	217	189	204	223	227	186	219	223	186	198	217	185	216	187	169	227	173	227	190	221	209	197	179	180	182	227	170	186	193	207	173	212	227	192	203	169	174	215	221	220	215	171	175	198	177	187	169	227	
228	200	206	171	185	202	208	175	194	195	184	220	196	173	212	228	179	192	170	170	231	190	222	210	208	190	197	226	227	217	217	184	212	184	220	223	217	222	177	224	201	207	226	215	209	202	184	222	223	178	190	203	211	194	205	185	198	180	187	213	222	169	187	199	194	185	204	229	182	198	197	189	201	231	183	222	208	222	220	203	215	187	210	180	231	208	191	190	174	229	224	171	171	198	202	208	196	200	182	190	190	189	199	185	204	231	201	186	189	186	175	194	178	229	169	190	209	213	171	185	190	191	185	175	189	195	202	209	198	181	170	187	174	210	218	204	223	198	188	195	224	198	220	230	226	224	182	231	187	208	174	214	203	181	173	203	184	171	198	174	173	216	192	185	171	190	206	181	227	230	179	187	192	210	201	227	201	228	173	229	
203	192	192	192	184	201	218	174	215	183	202	175	210	200	181	223	200	225	169	226	191	217	181	190	184	196	183	219	180	205	210	198	224	184	221	211	182	194	191	170	172	227	196	183	173	201	216	179	231	177	223	171	181	223	216	186	181	220	179	224	181	215	210	172	201	181	186	224	189	189	213	181	169	223	226	179	170	169	191	180	213	214	183	207	185	171	224	216	174	171	224	209	231	194	205	172	227	181	224	230	231	194	169	222	182	189	215	230	199	213	172	182	208	182	206	198	230	218	181	228	171	199	176	200	230	231	169	169	210	173	191	176	229	216	226	208	179	204	222	204	195	203	171	175	198	228	212	189	170	230	210	186	220	194	226	223	223	193	183	183	205	225	216	177	188	214	209	229	216	183	217	227	208	202	214	190	226	225	214	196	
194	171	227	186	211	220	211	197	177	207	180	181	230	216	175	193	231	179	204	212	231	206	213	220	172	231	226	180	224	174	215	211	192	178	211	216	205	210	202	177	216	191	171	225	213	184	229	198	222	228	210	212	191	215	183	192	193	226	197	199	222	199	199	217	228	175	220	177	225	215	229	213	194	197	179	212	231	187	204	174	226	211	180	205	206	173	217	171	170	230	202	214	225	230	208	172	179	192	210	194	172	195	231	212	208	226	177	180	171	175	220	190	214	205	213	231	196	203	186	216	230	188	214	214	219	183	169	211	216	209	199	221	200	188	202	201	231	213	206	188	218	195	228	225	182	211	210	179	216	190	186	196	194	224	187	199	171	172	219	222	171	214	213	224	201	216	197	211	171	205	219	189	227	203	231	214	219	205	181	194	
196	226	217	216	174	196	195	224	197	183	179	186	219	191	222	213	211	176	193	226	217	221	230	217	192	205	201	184	214	216	203	185	201	169	224	206	205	199	177	230	193	192	169	195	203	231	174	200	216	207	171	189	176	211	226	176	204	175	186	221	212	192	170	227	221	196	205	189	185	229	205	203	196	178	196	182	176	228	223	226	173	181	174	231	202	225	225	203	172	209	202	187	199	199	210	202	176	206	228	205	209	231	212	217	211	226	178	171	212	206	196	194	221	174	229	170	222	179	225	209	212	204	200	225	175	201	186	174	183	184	230	199	173	214	219	226	217	196	180	184	218	188	224	181	185	171	218	184	220	174	186	221	181	199	190	191	178	225	229	175	185	208	214	217	177	171	174	181	228	191	172	213	227	182	203	229	193	212	169	178	
182	177	216	177	231	221	173	187	172	189	178	195	203	220	171	225	204	186	190	220	176	175	199	187	180	210	221	191	200	204	202	197	204	192	206	215	222	191	223	191	213	228	204	193	180	230	195	226	178	197	191	175	221	211	177	192	209	216	216	181	176	204	231	189	227	175	174	169	208	172	193	191	188	219	180	226	181	178	219	176	214	217	213	219	221	174	172	211	229	224	199	216	180	229	218	176	212	187	227	173	207	221	199	208	180	211	197	209	182	196	198	223	210	226	206	187	204	227	206	194	189	201	198	198	176	190	200	197	216	190	212	192	184	211	202	230	169	169	213	182	190	186	224	213	189	186	208	172	219	229	229	221	198	209	194	170	230	169	206	186	200	214	214	185	206	170	222	224	217	221	171	226	185	178	186	199	172	194	176	186	
174	230	214	205	185	172	206	223	202	221	199	185	200	176	229	169	215	171	201	205	225	180	192	171	179	213	177	198	220	188	170	170	201	216	173	207	225	228	209	184	184	203	188	183	215	170	196	182	204	190	185	205	185	216	197	174	187	222	225	227	205	171	210	189	199	201	173	192	227	209	223	211	224	214	225	223	187	175	194	185	173	210	228	220	184	175	186	201	192	194	187	175	230	208	230	222	227	222	225	198	198	195	191	182	176	216	181	225	172	194	191	216	193	170	199	178	184	191	217	193	224	198	171	228	187	172	172	227	216	205	229	185	202	207	193	221	206	205	171	186	203	226	188	198	220	205	205	200	170	218	169	186	210	170	227	184	184	231	172	205	202	206	178	211	180	188	179	221	198	209	219	174	184	194	190	174	228	198	219	171	
217	220	230	213	174	229	220	178	203	211	175	172	176	174	217	195	224	170	222	212	230	179	214	219	209	223	208	200	215	183	179	206	202	186	223	219	179	187	231	188	226	224	171	198	202	209	228	178	175	185	172	192	189	194	170	206	216	206	189	184	181	200	225	170	179	198	206	228	221	217	188	212	196	194	214	216	226	209	220	226	209	223	224	169	211	201	215	229	207	220	186	201	198	185	212	204	181	181	214	228	213	216	189	201	213	193	194	200	206	218	177	227	228	213	200	172	205	190	204	194	204	207	216	200	221	204	211	224	228	198	177	176	223	216	180	228	214	171	231	206	187	177	224	189	169	174	172	178	170	200	226	183	216	225	195	185	179	207	175	196	222	196	231	218	203	204	223	170	182	189	179	205	219	224	180	188	220	186	194	225	
216	192	183	204	193	226	203	221	190	218	229	219	173	214	178	228	191	225	187	191	210	222	210	199	203	216	181	208	178	228	192	187	211	215	229	191	227	183	214	169	220	198	222	185	228	188	207	190	211	207	176	217	222	214	185	192	194	175	192	178	197	228	204	205	178	205	224	190	184	224	193	227	208	230	171	182	208	227	176	191	211	185	231	227	221	199	230	180	195	177	177	214	201	221	204	231	183	226	171	176	199	214	188	178	220	184	191	188	200	213	221	175	193	170	192	205	222	180	193	182	218	169	190	211	177	189	196	220	178	182	174	200	171	224	203	176	227	183	178	181	202	220	208	187	226	229	219	211	188	196	207	203	216	207	191	206	175	182	198	195	200	214	218	215	170	208	210	175	215	186	216	217	209	218	219	223	189	216	200	229	
215	225	227	186	215	181	170	206	228	200	178	197	194	208	172	197	228	197	176	183	204	222	179	195	211	178	200	170	192	221	195	191	231	211	176	219	177	226	216	213	176	211	176	219	206	228	199	176	225	217	222	225	174	190	172	179	207	202	222	219	195	207	178	220	199	202	230	199	231	174	216	211	226	201	210	228	189	188	207	222	191	217	173	220	171	198	223	218	177	203	189	220	171	209	206	178	200	213	190	209	219	229	218	226	196	174	231	202	179	192	171	231	173	186	187	222	170	230	215	196	207	172	207	224	186	205	180	206	214	225	190	189	215	207	183	176	196	196	219	170	206	184	217	189	171	197	224	204	231	199	179	226	171	173	180	178	215	203	189	183	179	201	213	193	177	216	187	169	174	195	209	204	201	189	229	200	184	210	229	228	
230	178	231	189	204	205	187	221	231	210	219	198	217	191	201	185	230	231	219	228	183	186	188	177	176	207	206	225	207	189	213	228	186	198	177	198	178	196	209	193	218	198	176	223	211	218	211	208	216	215	200	172	220	184	169	189	212	195	225	222	207	200	229	230	214	188	187	186	222	178	206	191	218	199	227	220	173	188	173	193	209	226	172	180	205	193	194	202	209	202	182	218	211	213	206	184	180	198	179	228	194	189	216	182	216	192	215	186	180	216	172	178	172	182	185	222	177	210	214	208	178	174	202	215	201	218	190	186	209	171	190	182	212	193	211	231	174	182	169	225	185	226	206	181	209	229	217	221	223	215	176	212	230	230	223	200	209	177	173	226	201	176	216	217	187	187	187	170	226	226	198	220	178	230	193	199	178	220	191	208	
223	184	217	188	220	177	201	174	225	175	178	195	208	228	214	192	175	211	170	226	228	197	178	197	221	205	218	202	205	173	223	174	222	217	175	219	224	231	191	183	200	201	220	191	201	169	212	184	196	193	226	212	186	230	177	208	195	178	191	216	184	210	184	207	218	196	195	184	177	197	221	231	225	228	228	219	178	175	170	229	212	171	202	193	179	227	207	224	200	195	204	197	226	191	210	203	186	208	217	169	208	217	170	197	174	192	207	209	191	192	188	176	204	203	216	207	190	176	211	198	220	197	208	195	205	202	215	170	198	189	215	222	191	173	222	209	222	211	201	184	227	229	229	195	177	203	169	224	191	230	220	170	230	189	212	228	182	173	228	192	209	204	171	215	214	208	209	169	207	190	186	202	179	173	200	180	208	193	230	203	
179	170	187	178	189	177	170	222	206	170	196	172	228	175	209	191	212	206	213	178	230	170	186	169	221	198	225	181	215	218	199	186	205	203	221	190	202	199	182	203	176	212	222	231	198	200	217	226	178	185	213	190	230	175	172	231	171	180	174	214	205	196	221	226	192	169	197	202	171	195	182	226	215	202	174	213	218	228	171	195	188	195	217	205	197	192	215	230	169	170	179	219	171	176	210	171	208	192	203	216	213	185	187	183	193	176	207	220	176	179	206	216	210	186	230	207	207	187	220	227	183	170	214	177	184	226	199	188	210	207	180	229	224	202	180	171	211	220	208	186	200	183	188	193	174	200	193	199	171	189	190	215	219	169	184	221	173	182	192	200	217	193	225	169	176	210	227	181	224	178	170	216	225	176	175	191	227	223	189	194	
176	208	227	209	217	189	230	197	187	218	226	202	188	191	214	208	185	179	178	204	212	174	184	231	210	169	183	228	217	183	196	193	196	216	195	177	196	208	173	223	177	224	176	176	228	171	193	206	178	178	198	169	213	196	205	181	176	185	190	229	171	227	220	204	175	228	198	198	179	223	173	188	223	229	228	171	211	196	222	221	196	193	177	191	179	209	230	188	187	178	183	181	230	207	219	209	193	205	228	190	191	175	193	224	212	189	180	227	209	205	185	225	201	175	175	203	183	205	195	200	206	189	195	203	216	188	177	207	172	179	222	211	223	175	228	176	174	229	180	184	211	217	181	183	183	194	230	183	217	219	227	214	172	202	223	220	223	193	196	231	173	196	203	196	216	186	208	220	174	226	219	228	175	212	200	205	178	213	195	224	
169	201	212	205	220	197	211	187	219	199	198	174	216	217	184	226	217	177	214	209	229	199	186	220	225	213	190	215	181	222	169	222	195	224	225	217	196	226	231	203	194	200	194	176	191	219	200	173	190	218	206	197	180	218	175	206	231	219	223	205	196	221	230	184	226	174	179	210	180	191	198	226	191	206	194	231	213	169	211	174	196	187	172	227	201	195	192	228	208	179	203	177	203	227	195	169	173	215	211	198	230	171	175	193	179	187	188	202	172	209	200	184	222	205	223	204	171	208	193	187	229	214	226	169	180	201	219	179	226	198	185	187	198	209	209	204	221	178	228	184	174	229	202	171	172	186	187	227	208	208	178	202	211	199	214	184	218	170	187	208	216	211	213	196	171	206	176	210	209	208	215	229	176	176	187	184	181	182	197	218	
